Plane	Strip	Pts-For-Fit	Shift-in-Amp	Par0	Par1	Par2	Par0_Error	Par1_Error	Par2_Error
==================================================================================================================
0	0	5	11.3005	-0.101007	0.321364	2.18743	0.0128854	0.0233766	0.437325	
0	1	7	11.0916	-0.0524619	0.448987	1.97818	0.0120025	0.0688294	0.443079	
0	2	7	11.0967	-0.10001	0.384312	2.75725	0.0147213	0.04484	0.710473	
0	3	7	11.0054	-0.101013	0.411473	2.42414	0.0157844	0.0369303	0.386399	
0	4	7	11.141	-0.119537	0.420645	2.72869	0.0137671	0.0461439	0.557629	
0	5	7	11.0897	-0.0790337	0.307575	2.58404	0.0311165	0.0353252	0.674666	
0	6	7	11.0788	-0.103104	0.463233	2.29985	0.0104974	0.0515253	0.357639	
0	7	7	11.1588	-0.0562311	0.34068	1.49659	0.0137017	0.0327061	0.271928	
0	8	7	11.0033	-0.0811049	0.403489	1.99478	0.015989	0.0325954	0.289533	
0	9	7	11.1917	-0.126402	0.422794	2.02113	0.0130044	0.0403668	0.281783	
0	10	7	11.2551	-0.0945115	0.402152	1.91211	0.0166834	0.0407279	0.306735	
0	11	7	11.2445	-0.0767329	0.418628	1.88122	0.0111069	0.0217422	0.258421	
0	12	7	11.2953	-0.119445	0.394774	2.38922	0.0162982	0.034908	0.426525	
0	13	6	11.3687	-0.0636279	0.419944	1.65203	0.0204033	0.0594929	0.313684	
0	14	7	11.3936	-0.121761	0.338381	2.94366	0.0177817	0.0225642	0.465683	
0	15	6	11.2622	-0.0790103	0.350199	2.1459	0.0276853	0.0674067	0.648169	
0	16	6	11.0731	-0.137609	0.433868	2.51611	0.0175906	0.0397834	0.44022	
0	17	6	11.1596	-0.0809249	0.416433	1.38943	0.0168675	0.0476265	0.224653	
0	18	6	11.1237	-0.127109	0.453159	2.10515	0.0162902	0.0427593	0.372831	
0	19	6	11.2377	-0.0991547	0.368333	1.7681	0.0159077	0.0495865	0.370608	
0	20	5	11.1	-0.107882	0.207815	2.46494	0.018377	0.0259455	0.886536	
0	21	6	11.1928	-0.0724371	0.340764	2.04556	0.0182292	0.0288169	0.39236	
0	22	6	11.3549	-0.0858416	0.282135	2.14319	0.0181498	0.0279249	0.439779	
0	23	-1	-1	-1	-1	-1	-1	-1	-1	
0	24	6	11.2416	-0.0994124	0.360983	1.64913	0.0135152	0.032788	0.28545	
0	25	6	11.2034	-0.0945608	0.45807	1.58954	0.0143166	0.0578229	0.25521	
0	26	6	11.3201	-0.0845763	0.354366	1.63922	0.0152921	0.034632	0.316834	
0	27	6	11.0034	-0.0798588	0.333301	1.56101	0.0152227	0.0315506	0.359906	
0	28	5	11.3054	-0.0648344	0.295012	1.31079	0.0188206	0.0325418	0.251543	
0	29	6	11.235	-0.0847305	0.285829	1.87877	0.0220939	0.031156	0.384186	
0	30	5	11.0846	-0.049	0.275634	1.35453	0.0187737	0.0290913	0.246843	
0	31	5	11.1766	-0.116363	0.30147	2.70312	0.0217259	0.0282227	0.8434	
0	32	5	11.2044	-0.0366035	0.345671	1.15437	0.0191472	0.058102	0.247906	
0	33	5	11.3822	-0.0529319	0.263655	1.01061	0.0153347	0.0304829	0.18662	
0	34	5	11.1854	-0.0769661	0.286929	1.68604	0.0233054	0.0348485	0.422078	
0	35	5	11.3293	-0.0760732	0.354802	1.27486	0.0182619	0.0402796	0.238503	
0	36	5	11.3662	-0.0554152	0.287325	1.89295	0.0282074	0.0324044	0.560064	
0	37	5	11.1421	-0.08347	0.345765	1.29441	0.0190241	0.0299183	0.210214	
0	38	5	11.2906	-0.0861122	0.300763	1.544	0.0172516	0.0274731	0.289111	
0	39	5	11.2166	-0.0811628	0.308065	1.63319	0.0206981	0.0389946	0.462575	
0	40	5	11.0318	-0.199508	0.265103	1.60235	0.0172588	0.0241279	0.369015	
0	41	5	11.1353	-0.0778654	0.366389	1.66823	0.0204306	0.0465271	0.363206	
0	42	4	11.0592	-0.0866214	0.322582	2.19866	0.0365853	0.0656106	0.980394	
0	43	4	11.1635	-0.146779	0.376943	1.62939	0.0175195	0.0403609	0.31718	
0	44	4	11.3364	-0.0829507	0.302218	1.87112	0.0269696	0.0481183	0.830227	
0	45	-1	-1	-1	-1	-1	-1	-1	-1	
0	46	-1	-1	-1	-1	-1	-1	-1	-1	
0	47	-1	-1	-1	-1	-1	-1	-1	-1	
1	0	4	10.9926	-0.210319	0.389206	3.24007	0.0335977	0.0405335	0.824229	
1	1	6	10.948	-0.214442	0.504389	2.22023	0.0158205	0.041596	0.366834	
1	2	6	10.9649	-0.148593	0.35776	2.04019	0.0348724	0.0427864	0.588442	
1	3	6	11.0164	-0.189338	0.427388	2.0881	0.0242033	0.0327077	0.335611	
1	4	6	10.8901	-0.135791	0.392506	1.85677	0.0274841	0.0341068	0.352174	
1	5	6	10.9218	-0.151395	0.416109	1.61452	0.0157406	0.0409867	0.256999	
1	6	6	10.9302	-0.0931259	0.284342	1.53213	0.0109196	0.0270531	0.249831	
1	7	6	10.9013	-0.109801	0.371047	2.04272	0.0128505	0.0269228	0.313148	
1	8	6	11.1408	-0.140984	0.374353	1.80451	0.0162639	0.0303836	0.243207	
1	9	6	11.1949	-0.118941	0.282718	1.79247	0.0189414	0.0258507	0.296323	
1	10	6	11.183	-0.109537	0.36816	1.55229	0.0115836	0.0188099	0.173192	
1	11	6	11.0248	-0.0662326	0.313994	1.39268	0.0232171	0.0326568	0.283549	
1	12	6	11.0465	-0.0817233	0.364494	1.42787	0.0177168	0.0288117	0.212779	
1	13	6	11.155	-0.0965645	0.36028	1.55608	0.0166678	0.0278617	0.207221	
1	14	6	11.2877	-0.155301	0.39468	3.13502	0.0331452	0.0335008	0.750684	
1	15	6	11.1735	-0.107756	0.382521	1.55968	0.0280907	0.0387899	0.348166	
1	16	6	11.2147	-0.158921	0.42512	1.93969	0.0132147	0.0313795	0.273622	
1	17	6	11.1069	-0.192964	0.366594	2.7857	0.0322216	0.0340897	0.626029	
1	18	6	11.1991	-0.10898	0.329917	1.65472	0.0287386	0.0379042	0.38309	
1	19	6	11.2474	-0.0904397	0.369405	1.43261	0.0235864	0.037374	0.278266	
1	20	5	11.3193	-0.106206	0.37507	1.38663	0.0235196	0.0426362	0.280358	
1	21	5	11.2841	-0.160836	0.330841	2.83531	0.0406823	0.0404383	0.853897	
1	22	5	11.2176	-0.0848302	0.334349	1.4541	0.0229892	0.0405624	0.31286	
1	23	5	11.258	-0.147704	0.312021	2.46095	0.0223123	0.0229339	0.468247	
1	24	5	11.2951	-0.106114	0.310371	1.80344	0.021917	0.0287216	0.354805	
1	25	5	11.2717	-0.117135	0.327516	1.79715	0.0293103	0.0336141	0.397067	
1	26	5	11.3892	-0.0917705	0.297747	1.54723	0.0264812	0.0314914	0.327252	
1	27	5	11.3207	-0.0918648	0.282881	1.93293	0.0261775	0.0300722	0.46441	
1	28	5	11.2093	-0.0715028	0.278305	1.45763	0.027893	0.0336279	0.33021	
1	29	5	11.2835	-0.0923744	0.32158	1.55748	0.0302393	0.0444281	0.453886	
1	30	5	11.2157	-0.1083	0.33535	1.43809	0.0123786	0.0292801	0.206633	
1	31	5	11.1439	-0.0292016	0.268725	0.882019	0.0154944	0.0289174	0.197757	
1	32	5	11.3696	-0.103952	0.338653	1.84028	0.0247519	0.0318664	0.400029	
1	33	5	11.6571	-0.118319	0.341318	1.79273	0.0118455	0.0238555	0.260042	
1	34	5	11.6121	-0.120122	0.334967	1.89129	0.0183065	0.0259184	0.395206	
1	35	5	11.5128	-0.141086	0.348957	1.74534	0.0128228	0.0348546	0.314794	
1	36	5	11.4609	-0.0976152	0.318633	1.6953	0.0191997	0.0261224	0.278733	
1	37	5	11.5811	-0.127859	0.346485	2.62072	0.0413751	0.0439621	0.81164	
1	38	5	11.4485	-0.124971	0.363387	2.26163	0.0356108	0.0395941	0.595168	
1	39	5	11.5446	-0.149761	0.325111	2.26424	0.0268367	0.029053	0.456249	
1	40	5	11.3428	-0.228801	0.404708	3.26459	0.0412727	0.0298393	1.38932	
1	41	4	11.5083	-0.128179	0.366545	1.77569	0.0412708	0.0474431	0.478624	
1	42	4	11.4489	-0.094858	0.297804	1.41504	0.0395918	0.0468801	0.453137	
1	43	-1	-1	-1	-1	-1	-1	-1	-1	
1	44	-1	-1	-1	-1	-1	-1	-1	-1	
1	45	-1	-1	-1	-1	-1	-1	-1	-1	
1	46	-1	-1	-1	-1	-1	-1	-1	-1	
1	47	-1	-1	-1	-1	-1	-1	-1	-1	
2	0	4	11.1563	-0.116832	0.359527	1.1361	0.0414832	0.0449185	0.286362	
2	1	6	11.1791	-0.115084	0.393585	1.65413	0.0358446	0.0425328	0.369887	
2	2	6	10.9735	-0.128617	0.363922	2.09355	0.0310612	0.0346925	0.396278	
2	3	6	11.0354	-0.109124	0.461705	1.21491	0.0233213	0.0491266	0.174126	
2	4	6	11.0732	-0.163793	0.377721	1.93667	0.020235	0.0261396	0.29155	
2	5	6	11.0827	-0.106361	0.431125	1.69977	0.0275251	0.0438138	0.304138	
2	6	6	11.1326	-0.199018	0.415796	2.97936	0.033762	0.0353085	0.627417	
2	7	6	11.0387	-0.106506	0.371978	1.65249	0.0260094	0.0371617	0.320603	
2	8	6	10.8679	-0.13447	0.380419	1.8572	0.0200701	0.0270718	0.279908	
2	9	6	10.8153	-0.0981104	0.355082	1.69178	0.0130803	0.0252604	0.23167	
2	10	6	10.8157	-0.13711	0.315251	3.18671	0.0299197	0.0281532	0.803101	
2	11	6	10.8245	-0.0802931	0.40588	1.39658	0.0132506	0.0411037	0.196151	
2	12	6	10.613	-0.107686	0.426952	1.90947	0.0179502	0.0499432	0.369641	
2	13	7	10.614	-0.0860753	0.341991	1.84604	0.0215497	0.0279394	0.305974	
2	14	7	10.6103	-0.0617249	0.316876	1.79188	0.0255646	0.0363261	0.39298	
2	15	7	10.5638	-0.0669565	0.353062	1.7652	0.0257024	0.0508265	0.423665	
2	16	6	10.9141	-0.104879	0.37662	1.93879	0.0167828	0.0369707	0.317144	
2	17	7	10.872	-0.0864622	0.316345	2.78096	0.0136938	0.0289375	0.5465	
2	18	7	10.8625	-0.151498	0.356877	4.2764	0.035989	0.0348972	1.19539	
2	19	6	10.8161	-0.0953667	0.413107	2.10906	0.0172878	0.0325658	0.346827	
2	20	6	10.7929	-0.094674	0.414495	2.0266	0.0207471	0.0271437	0.314801	
2	21	6	10.8679	-0.10867	0.420248	2.96899	0.0206235	0.0371136	0.709893	
2	22	6	10.7666	-0.131059	0.376247	2.76737	0.0207074	0.0298693	0.574731	
2	23	6	10.6614	-0.0848148	0.378428	2.16484	0.0180565	0.0294925	0.336685	
2	24	6	10.6323	-0.0765634	0.328144	2.4746	0.0228637	0.0298674	0.502885	
2	25	6	10.5053	-0.0441098	0.415306	1.86374	0.0180974	0.0465996	0.344586	
2	26	6	10.6216	-0.0729302	0.386294	2.49762	0.0162298	0.0350129	0.449498	
2	27	6	10.6271	-0.0448645	0.313569	1.861	0.0186952	0.0334733	0.369974	
2	28	6	10.4833	-0.117541	0.424033	2.6999	0.0226917	0.0561908	0.767528	
2	29	7	10.5736	-0.0441413	0.373774	1.45866	0.0152949	0.0560634	0.252327	
2	30	6	10.5273	-0.0646525	0.370831	1.81026	0.0165927	0.0484145	0.379238	
2	31	6	10.6433	-0.0857335	0.339999	2.66335	0.0190021	0.0472598	0.741922	
2	32	6	10.5978	-0.0624492	0.342889	2.02488	0.0162518	0.0559385	0.500479	
2	33	6	10.69	-0.0747633	0.285539	2.5657	0.0141723	0.0262106	0.495372	
2	34	6	10.5895	-0.0582065	0.510859	1.80317	0.01057	0.0813561	0.336937	
2	35	6	10.3731	-0.0420456	0.381893	1.62848	0.0162616	0.0389197	0.26978	
2	36	7	10.5252	-0.0672631	0.388299	1.81598	0.0129974	0.0403336	0.276111	
2	37	6	10.6669	-0.0496381	0.323009	2.0805	0.00973026	0.0271946	0.277419	
2	38	7	10.6056	-0.0592758	0.503952	1.42637	0.0112767	0.0786754	0.215067	
2	39	6	10.5692	-0.049885	0.333246	3.11513	0.028269	0.0364	0.857649	
2	40	6	10.7186	-0.0822896	0.375118	2.18428	0.0144551	0.0321979	0.432475	
2	41	5	10.8762	-0.0637069	0.343057	2.43442	0.0227603	0.0406585	0.540371	
2	42	5	11.085	-0.126806	0.353521	3.42269	0.0176561	0.0349407	0.677158	
2	43	5	11.0901	-0.026757	0.38248	1.04908	0.0131366	0.0735314	0.195118	
2	44	4	11.1084	-0.121042	0.354179	2.92706	0.0295	0.0373648	0.753495	
2	45	4	11.394	-0.0253661	0.267256	2.67378	0.0523896	0.0644793	1.59938	
2	46	-1	-1	-1	-1	-1	-1	-1	-1	
2	47	-1	-1	-1	-1	-1	-1	-1	-1	
3	0	-1	-1	-1	-1	-1	-1	-1	-1	
3	1	-1	-1	-1	-1	-1	-1	-1	-1	
3	2	-1	-1	-1	-1	-1	-1	-1	-1	
3	3	-1	-1	-1	-1	-1	-1	-1	-1	
3	4	-1	-1	-1	-1	-1	-1	-1	-1	
3	5	-1	-1	-1	-1	-1	-1	-1	-1	
3	6	-1	-1	-1	-1	-1	-1	-1	-1	
3	7	-1	-1	-1	-1	-1	-1	-1	-1	
3	8	-1	-1	-1	-1	-1	-1	-1	-1	
3	9	-1	-1	-1	-1	-1	-1	-1	-1	
3	10	-1	-1	-1	-1	-1	-1	-1	-1	
3	11	-1	-1	-1	-1	-1	-1	-1	-1	
3	12	-1	-1	-1	-1	-1	-1	-1	-1	
3	13	-1	-1	-1	-1	-1	-1	-1	-1	
3	14	-1	-1	-1	-1	-1	-1	-1	-1	
3	15	-1	-1	-1	-1	-1	-1	-1	-1	
3	16	-1	-1	-1	-1	-1	-1	-1	-1	
3	17	-1	-1	-1	-1	-1	-1	-1	-1	
3	18	-1	-1	-1	-1	-1	-1	-1	-1	
3	19	-1	-1	-1	-1	-1	-1	-1	-1	
3	20	-1	-1	-1	-1	-1	-1	-1	-1	
3	21	-1	-1	-1	-1	-1	-1	-1	-1	
3	22	-1	-1	-1	-1	-1	-1	-1	-1	
3	23	-1	-1	-1	-1	-1	-1	-1	-1	
3	24	-1	-1	-1	-1	-1	-1	-1	-1	
3	25	-1	-1	-1	-1	-1	-1	-1	-1	
3	26	-1	-1	-1	-1	-1	-1	-1	-1	
3	27	-1	-1	-1	-1	-1	-1	-1	-1	
3	28	-1	-1	-1	-1	-1	-1	-1	-1	
3	29	-1	-1	-1	-1	-1	-1	-1	-1	
3	30	-1	-1	-1	-1	-1	-1	-1	-1	
3	31	-1	-1	-1	-1	-1	-1	-1	-1	
3	32	-1	-1	-1	-1	-1	-1	-1	-1	
3	33	-1	-1	-1	-1	-1	-1	-1	-1	
3	34	-1	-1	-1	-1	-1	-1	-1	-1	
3	35	-1	-1	-1	-1	-1	-1	-1	-1	
3	36	-1	-1	-1	-1	-1	-1	-1	-1	
3	37	-1	-1	-1	-1	-1	-1	-1	-1	
3	38	-1	-1	-1	-1	-1	-1	-1	-1	
3	39	-1	-1	-1	-1	-1	-1	-1	-1	
3	40	-1	-1	-1	-1	-1	-1	-1	-1	
3	41	-1	-1	-1	-1	-1	-1	-1	-1	
3	42	-1	-1	-1	-1	-1	-1	-1	-1	
3	43	-1	-1	-1	-1	-1	-1	-1	-1	
3	44	-1	-1	-1	-1	-1	-1	-1	-1	
3	45	-1	-1	-1	-1	-1	-1	-1	-1	
3	46	-1	-1	-1	-1	-1	-1	-1	-1	
3	47	-1	-1	-1	-1	-1	-1	-1	-1	
4	0	4	11.1987	-0.0523523	0.265095	1.47255	0.0374031	0.0463546	0.726633	
4	1	7	10.854	-0.0810396	0.374244	1.98003	0.0167197	0.050257	0.46756	
4	2	7	10.7846	-0.182646	0.279204	3.48219	0.0190763	0.0234987	0.812168	
4	3	7	10.7128	-0.070022	0.384983	1.5976	0.0133538	0.0396506	0.277297	
4	4	6	10.695	-0.0736965	0.327803	2.36093	0.0228833	0.0366857	0.537132	
4	5	6	10.6841	-0.0536648	0.299558	1.46695	0.0127925	0.0277111	0.23938	
4	6	6	10.5467	-0.0519353	0.374669	1.74242	0.0140789	0.0215281	0.226233	
4	7	7	10.6228	-0.0656204	0.369088	1.52143	0.0117411	0.0266018	0.187111	
4	8	6	10.9627	-0.0811137	0.351138	1.65811	0.0160478	0.0389276	0.267292	
4	9	7	10.9345	-0.0402962	0.314205	1.4729	0.015509	0.0462622	0.300914	
4	10	7	10.8873	-0.0619763	0.295705	1.42028	0.0147798	0.0260172	0.243189	
4	11	6	10.8841	-0.0734942	0.363331	1.43449	0.0185153	0.0344972	0.229736	
4	12	7	10.8735	-0.0547969	0.333661	1.70398	0.0149961	0.0281112	0.310777	
4	13	7	10.9509	-0.0427648	0.333619	1.2009	0.0118413	0.0287798	0.216407	
4	14	7	10.9485	-0.0778484	0.33727	2.06101	0.0181044	0.0306992	0.381595	
4	15	7	10.8631	-0.0561399	0.353659	2.28371	0.019861	0.0373824	0.457116	
4	16	7	10.9454	-0.0601917	0.385023	1.8997	0.0143143	0.0295307	0.296423	
4	17	7	11.1127	-0.170645	0.317874	1.85393	0.0179632	0.0660232	0.670248	
4	18	7	11.0203	-0.0654911	0.312154	3.06799	0.0177381	0.0257257	0.806105	
4	19	7	11.0124	-0.0650897	0.372744	1.74908	0.0113428	0.0220387	0.245723	
4	20	6	11.1209	-0.0815046	0.359437	2.02608	0.0149211	0.0270717	0.303254	
4	21	6	11.2897	-0.0137041	0.272489	1.67441	0.0246584	0.036499	0.455698	
4	22	6	11.1073	-0.0240467	0.344455	1.53928	0.0199629	0.0331915	0.277626	
4	23	6	11.1338	-0.0669861	0.3629	2.38169	0.0137892	0.0454145	0.544132	
4	24	6	11.1986	-0.0615585	0.348504	2.59427	0.0137551	0.034333	0.851664	
4	25	6	10.9292	-0.0254473	0.284437	1.06952	0.0256913	0.033732	0.295807	
4	26	6	11.0545	-0.0424884	0.35853	1.4532	0.0188415	0.055452	0.307037	
4	27	6	11.1558	-0.0372342	0.311113	2.17147	0.0158559	0.0291567	0.4443	
4	28	6	11.0316	-0.0142637	0.288857	1.56513	0.0246891	0.0441633	0.397406	
4	29	6	11.2017	-0.125593	0.368524	2.12763	0.0117595	0.0427269	0.330502	
4	30	6	10.996	-0.126734	0.332489	3.09959	0.0212481	0.037134	0.967571	
4	31	6	11.0467	-0.0757989	0.322628	2.33324	0.0187914	0.0341965	0.590732	
4	32	6	11.2905	-0.103392	0.272467	3.60668	0.0215886	0.0292595	1.33546	
4	33	6	11.4134	-0.0293706	0.327405	1.06314	0.0135369	0.0592628	0.267404	
4	34	6	11.3949	-0.0892169	0.326301	2.59647	0.0268071	0.0331612	0.623005	
4	35	6	11.1491	-0.0593304	0.34304	1.55594	0.012351	0.0442613	0.264075	
4	36	6	11.4	-0.0916118	0.307169	1.91475	0.0177861	0.0429935	0.500131	
4	37	6	11.5306	-0.0677302	0.269519	3.29095	0.0132199	0.0271564	1.08252	
4	38	6	11.4005	-0.0334697	0.329865	2.04783	0.0168888	0.0459331	0.567388	
4	39	6	11.2734	-0.0767449	0.378525	1.60194	0.0164682	0.0394385	0.34918	
4	40	5	11.3008	-0.01547	0.224251	1.56926	0.0178179	0.027841	0.586983	
4	41	5	11.6649	-0.0361579	0.281313	1.22844	0.022992	0.0390177	0.350843	
4	42	5	11.5627	-0.0932205	0.289067	2.55214	0.0164707	0.0444108	0.890829	
4	43	4	11.6798	-0.164285	0.328186	7.78396	0.0491728	0.0464224	4.57234	
4	44	4	11.5983	-0.0333572	0.157591	1.67089	0.0137523	0.0244671	0.789332	
4	45	-1	-1	-1	-1	-1	-1	-1	-1	
4	46	-1	-1	-1	-1	-1	-1	-1	-1	
4	47	-1	-1	-1	-1	-1	-1	-1	-1	
5	0	6	10.8382	-0.0480167	0.317373	1.56157	0.0288975	0.0382126	0.352756	
5	1	9	10.5902	-0.107994	0.506655	1.90772	0.0137553	0.0431705	0.217392	
5	2	9	10.6623	-0.110959	0.477844	1.63818	0.0190171	0.0473111	0.210918	
5	3	9	10.711	-0.196245	0.467686	3.26821	0.0197095	0.026682	0.480002	
5	4	9	10.7658	-0.12581	0.392714	1.95364	0.016462	0.0256364	0.242734	
5	5	9	10.633	-0.100918	0.340443	2.24127	0.0146294	0.024561	0.290751	
5	6	9	10.5966	-0.106227	0.372165	2.18416	0.0113804	0.0225954	0.279656	
5	7	9	10.6315	-0.129419	0.434343	2.20061	0.0132475	0.0280204	0.262567	
5	8	8	10.5679	-0.0954504	0.420648	1.78323	0.0189566	0.0367064	0.24336	
5	9	9	10.5318	-0.107887	0.431232	1.84039	0.0183377	0.0377567	0.254906	
5	10	9	10.6459	-0.127321	0.464819	2.04171	0.0109791	0.0439511	0.274897	
5	11	8	10.574	-0.0948068	0.393926	1.78075	0.0186076	0.0384949	0.269559	
5	12	8	10.5356	-0.117779	0.451026	1.70906	0.0155297	0.0374375	0.209405	
5	13	9	10.6078	-0.10133	0.447553	1.73597	0.00982834	0.0428479	0.212536	
5	14	8	10.6908	-0.10174	0.478386	1.63251	0.0140105	0.035701	0.18427	
5	15	8	10.5516	-0.0981605	0.409421	2.11696	0.0138906	0.0250017	0.256424	
5	16	8	10.4193	-0.0965782	0.36346	2.08118	0.0241723	0.0462086	0.46077	
5	17	8	10.3015	-0.138834	0.451612	1.94284	0.0167699	0.045402	0.298295	
5	18	8	10.3574	-0.0976422	0.371155	2.14071	0.0248385	0.0290554	0.331336	
5	19	8	10.5063	-0.112003	0.439837	1.85387	0.014845	0.0308309	0.233348	
5	20	8	10.4076	-0.121048	0.432252	1.96536	0.0230445	0.0269222	0.240194	
5	21	8	10.5096	-0.15411	0.389906	2.30551	0.0160316	0.0259979	0.28708	
5	22	8	10.5336	-0.0996713	0.395605	1.6534	0.0158295	0.0362405	0.240535	
5	23	8	10.3387	-0.125475	0.381692	2.24554	0.015896	0.0244642	0.257274	
5	24	8	10.896	-0.0982267	0.395611	1.65507	0.0152362	0.0395153	0.275225	
5	25	8	10.9476	-0.101928	0.38188	1.72578	0.010646	0.0313499	0.2424	
5	26	8	10.9457	-0.141418	0.404994	2.15964	0.0200568	0.0339399	0.323952	
5	27	8	10.7976	-0.085421	0.42488	1.63999	0.0106526	0.047814	0.243238	
5	28	8	10.903	-0.0774638	0.436981	1.87804	0.0162963	0.0349407	0.271622	
5	29	8	10.9433	-0.0983557	0.393107	2.12059	0.017829	0.0308903	0.339479	
5	30	8	10.8427	-0.0915896	0.353349	2.11747	0.0166361	0.0422875	0.401663	
5	31	8	10.8992	-0.0917751	0.367317	1.84477	0.0196702	0.0315761	0.291575	
5	32	8	10.6215	-0.120834	0.379962	2.33364	0.0162053	0.0256128	0.341551	
5	33	8	10.51	-0.110252	0.337232	2.66797	0.0142452	0.0309279	0.585689	
5	34	8	10.5119	-0.0760933	0.378857	1.87989	0.0155753	0.0453032	0.345174	
5	35	8	10.5142	-0.0913355	0.441485	1.85605	0.0230355	0.0573459	0.325602	
5	36	8	10.4625	-0.0837443	0.411254	2.0366	0.0170328	0.039	0.341902	
5	37	8	10.648	-0.10688	0.390928	2.67496	0.0135514	0.0254964	0.41453	
5	38	8	10.4878	-0.0758471	0.371057	1.8498	0.0118884	0.037576	0.272969	
5	39	8	10.4468	-0.105188	0.41144	2.25326	0.0201775	0.0331843	0.372583	
5	40	8	10.7015	-0.0657691	0.275463	2.35535	0.0158421	0.0274134	0.529867	
5	41	8	10.6768	-0.0944518	0.356072	2.76336	0.0162383	0.0251524	0.49976	
5	42	8	10.7835	-0.0706567	0.305237	2.65683	0.0226025	0.029417	0.642245	
5	43	8	10.6332	-0.104735	0.481833	1.59158	0.0140586	0.0460611	0.187226	
5	44	8	10.7797	-0.0907551	0.388948	2.23975	0.012552	0.0256502	0.330944	
5	45	7	10.7464	-0.92971	0.259988	1.44259	0.0293962	0.0446832	0.405674	
5	46	8	10.8981	-0.107149	0.352781	2.15716	0.0132204	0.0370025	0.44143	
5	47	5	10.9945	-0.0176724	0.323475	1.3024	0.018867	0.0430164	0.333788	
6	0	7	10.5887	-0.129265	0.480217	1.86959	0.0168616	0.0311883	0.191992	
6	1	10	10.3318	-0.100393	0.460113	2.03905	0.0100499	0.0321176	0.23613	
6	2	10	10.3546	-0.101203	0.559625	1.67774	0.0136118	0.0534923	0.181709	
6	3	10	10.3347	-0.0896591	0.353765	2.12178	0.010814	0.0252894	0.262534	
6	4	10	10.3479	-0.126941	0.370401	2.96826	0.0173871	0.024775	0.467076	
6	5	10	10.2878	-0.100516	0.500488	1.83362	0.0120803	0.0528349	0.232844	
6	6	10	10.2524	-0.112845	0.392788	2.43341	0.0118414	0.0307049	0.30224	
6	7	9	10.3162	-0.10752	0.379353	2.99774	0.0140644	0.0237238	0.409837	
6	8	10	10.1553	-0.0945658	0.552259	1.88204	0.00940483	0.0534915	0.196888	
6	9	10	10.2777	-0.0852013	0.419749	2.26158	0.0115521	0.0232281	0.226179	
6	10	10	10.2667	-0.102152	0.397568	2.70219	0.0128808	0.0241344	0.311835	
6	11	10	10.1366	-0.106861	0.402049	3.29092	0.00866224	0.0158548	0.296575	
6	12	10	10.0547	-0.074176	0.532396	1.7574	0.0119151	0.0565519	0.202855	
6	13	10	10.2006	-0.0694081	0.542119	1.63498	0.0122082	0.0424803	0.16339	
6	14	10	10.0647	-0.0874687	0.478603	2.29414	0.0131928	0.0310116	0.27622	
6	15	9	10.1613	-0.0640086	0.461278	1.85041	0.0118966	0.048578	0.261875	
6	16	10	10.4984	-0.260975	0.407328	14.271	0.0458736	0.0346314	4.44737	
6	17	9	10.4446	-0.081902	0.453762	1.9605	0.011194	0.078233	0.458129	
6	18	9	10.7115	-0.114516	0.380183	3.36767	0.0162292	0.0240814	0.848566	
6	19	9	10.563	-0.0635938	0.428081	1.75229	0.0173955	0.053111	0.295037	
6	20	9	10.7232	-0.0770414	0.405341	1.77399	0.0111665	0.0565778	0.340707	
6	21	9	10.4313	-0.0741524	0.347906	1.40269	0.0150111	0.0288074	0.190608	
6	22	9	10.8278	-0.0964864	0.387521	1.96814	0.0137895	0.0452886	0.333667	
6	23	9	10.5772	-0.0738101	0.348337	2.44744	0.0144555	0.034269	0.437886	
6	24	9	10.3886	-0.064193	0.543567	1.48686	0.0165484	0.0721509	0.205446	
6	25	9	10.3616	-0.0770748	0.466179	2.19889	0.014863	0.0252096	0.225677	
6	26	9	10.6937	-0.0731515	0.353862	2.10105	0.0118585	0.048425	0.349764	
6	27	8	10.4651	-0.0495132	0.36634	2.2558	0.018399	0.0280931	0.367384	
6	28	7	10.562	-2.72597	-91.1162	0.0724136	0.00651113	1.41423	14.6548	
6	29	9	10.5013	-0.0672109	0.438758	1.87806	0.0126751	0.0346986	0.210546	
6	30	9	10.4759	-0.0738331	0.456871	1.75381	0.0128411	0.0461173	0.202642	
6	31	8	10.4748	-0.113861	0.482131	1.91648	0.0128382	0.0397799	0.217271	
6	32	9	10.5092	-0.102531	0.481131	1.90726	0.00926823	0.0422362	0.227885	
6	33	9	10.6115	-0.0662324	0.433473	1.69223	0.0101381	0.0447259	0.20974	
6	34	9	10.5828	-0.0523133	0.458	1.4093	0.0111452	0.0599263	0.17713	
6	35	8	10.6221	-0.0602457	0.432076	1.48661	0.0133445	0.0552117	0.223004	
6	36	8	10.6816	-0.0896617	0.384192	2.56746	0.0137452	0.0265707	0.40029	
6	37	8	10.8505	-0.0740781	0.401692	1.89712	0.0140605	0.0520256	0.348929	
6	38	6	13.0232	-0.0736103	0.217785	1.95229	0.0143225	0.0231435	0.403308	
6	39	8	10.7853	-0.0753691	0.387707	1.69509	0.0167364	0.0359254	0.2331	
6	40	8	11.101	-0.0546386	0.315777	2.11271	0.0249259	0.0427033	0.602769	
6	41	7	11.2022	-0.112867	0.385093	4.00416	0.0237885	0.0394852	0.811959	
6	42	8	11.253	-0.0848809	0.353225	2.75786	0.0185636	0.0254364	0.468703	
6	43	8	10.9455	-0.0919098	0.363392	2.38793	0.0134983	0.024685	0.312544	
6	44	7	11.0274	-0.163796	0.399252	4.31862	0.0296119	0.029468	1.02317	
6	45	7	11.0745	-0.127515	0.40914	2.9613	0.0191623	0.0302416	0.55386	
6	46	7	11.249	-0.106126	0.39238	1.89289	0.0144142	0.0429049	0.341986	
6	47	5	11.3271	-0.137863	0.385022	2.07864	0.0173739	0.0382986	0.50723	
7	0	6	10.5734	-0.127254	0.405474	2.05656	0.0152575	0.029745	0.370259	
7	1	9	10.6295	-0.109403	0.39242	1.93862	0.0198996	0.0311124	0.335287	
7	2	10	10.3704	-0.125253	0.463741	1.8934	0.0111243	0.0345589	0.214443	
7	3	10	10.4499	-0.183029	0.436387	2.85745	0.0139341	0.0254982	0.413345	
7	4	10	10.5142	-0.115695	0.444252	1.95539	0.0147699	0.0227251	0.23254	
7	5	9	10.5581	-0.105453	0.419431	1.74841	0.0191639	0.0365698	0.258477	
7	6	9	10.6218	-0.117122	0.312561	2.54495	0.0248506	0.0292876	0.473575	
7	7	9	10.6429	-0.0827888	0.393167	1.78718	0.0120341	0.0356085	0.2343	
7	8	9	10.5166	-0.11597	0.417441	2.47236	0.0157817	0.0313594	0.377245	
7	9	9	10.501	-0.110214	0.40454	2.10168	0.00946571	0.0246096	0.225478	
7	10	9	10.4585	-0.102503	0.432637	1.91667	0.0172915	0.0525284	0.340419	
7	11	9	10.8092	-0.0956749	0.359296	2.10452	0.0123756	0.0255518	0.324469	
7	12	9	10.764	-0.0770475	0.372419	3.26518	0.012745	0.0283825	0.410032	
7	13	9	10.622	-0.0936943	0.372453	2.00331	0.0111059	0.0304033	0.240696	
7	14	9	10.5331	-0.146876	0.356758	3.76952	0.0142862	0.0190975	0.707062	
7	15	9	10.435	-0.0966677	0.39657	2.1775	0.0128607	0.023696	0.215571	
7	16	9	10.6119	-0.0959829	0.399541	2.74486	0.0121121	0.0212199	0.33088	
7	17	9	10.7552	-0.0871634	0.328101	2.34688	0.0120691	0.0234985	0.335418	
7	18	9	10.7234	-0.0999607	0.370021	2.24357	0.0164916	0.0459205	0.4859	
7	19	9	10.7124	-0.110772	0.351412	2.32857	0.0174206	0.0345162	0.436109	
7	20	9	10.6797	-0.0964757	0.316179	1.95657	0.0134689	0.0243379	0.258357	
7	21	9	10.826	-0.105042	0.403708	2.57591	0.00995626	0.0322557	0.405062	
7	22	9	10.7952	-0.0784278	0.332266	1.46336	0.0159815	0.0321716	0.222882	
7	23	8	10.7402	-0.0489652	0.3047	1.09811	0.0147072	0.0299595	0.182964	
7	24	9	10.925	-0.113995	0.370623	2.84635	0.0135936	0.0187506	0.413779	
7	25	8	10.8042	-0.0970897	0.357419	2.58463	0.0187849	0.0326423	0.611564	
7	26	8	10.9589	-0.0644815	0.274299	1.70059	0.0157387	0.0246956	0.295566	
7	27	8	10.7985	-0.0709217	0.34475	1.757	0.0107444	0.0254204	0.213985	
7	28	8	10.9263	-0.0672363	0.322174	1.67454	0.0135123	0.0219398	0.268623	
7	29	8	10.9424	-0.0708404	0.294631	2.00503	0.0122222	0.0265557	0.375422	
7	30	9	10.7728	-0.0782161	0.402336	1.97429	0.0161275	0.0510907	0.371576	
7	31	8	10.9127	-0.0577206	0.333979	2.07958	0.0195362	0.0459342	0.450015	
7	32	8	10.7849	-0.0667116	0.342734	1.91318	0.0132394	0.0195751	0.256438	
7	33	9	10.5762	-0.0604457	0.305659	2.30409	0.0210431	0.0485725	0.583369	
7	34	9	10.7267	-0.0678809	0.334899	1.98791	0.0138895	0.0242828	0.250534	
7	35	9	10.7905	-0.0766617	0.391595	2.40495	0.00943596	0.0334912	0.38572	
7	36	8	10.6463	-0.071918	0.35875	2.08198	0.0162185	0.0257006	0.33465	
7	37	8	10.7609	-0.112798	0.383204	2.30519	0.0112385	0.0266847	0.295456	
7	38	8	10.6527	-0.0582421	0.283718	1.67175	0.0156505	0.0287607	0.29304	
7	39	8	10.6924	-0.0667284	0.363736	2.06777	0.0196923	0.0264519	0.375718	
7	40	8	10.8666	-0.105124	0.406997	2.26423	0.0111056	0.037445	0.344882	
7	41	8	10.7721	-0.0942887	0.419609	1.95252	0.0140713	0.0401093	0.276048	
7	42	8	10.7443	-0.0792581	0.344856	2.36939	0.0206202	0.0393161	0.492435	
7	43	8	10.7191	-0.0718978	0.37802	1.23208	0.0104911	0.0224274	0.14908	
7	44	8	10.7792	-0.0644735	0.321114	2.16432	0.0172161	0.0271296	0.373614	
7	45	8	10.9541	-0.102745	0.382498	1.9089	0.0136039	0.043488	0.280333	
7	46	8	10.9826	-0.0837148	0.362863	1.66695	0.0141488	0.0302651	0.229795	
7	47	4	11.0653	-0.064556	0.316054	1.68445	0.0173398	0.0272998	0.476267	
8	0	6	10.8801	-0.0495677	0.421862	1.52317	0.0141674	0.0425832	0.231789	
8	1	10	10.7336	-0.0655735	0.453748	1.54218	0.0150945	0.0455547	0.227918	
8	2	10	10.6549	-0.0969522	0.423742	2.17016	0.0172412	0.0385609	0.32951	
8	3	10	10.681	-0.132602	0.43789	2.32501	0.0106322	0.03288	0.311498	
8	4	10	10.7243	-0.142174	0.428367	3.52505	0.0202729	0.0262803	0.551469	
8	5	10	10.764	-0.122339	0.4077	2.40221	0.0137295	0.0531234	0.576481	
8	6	10	10.6202	-0.0832953	0.430646	1.92708	0.018538	0.0580585	0.431845	
8	7	9	10.7958	-0.0713788	0.345876	1.55217	0.0137216	0.0370611	0.236424	
8	8	9	10.6176	-0.0855268	0.388759	2.36767	0.0113873	0.0335924	0.342469	
8	9	10	10.5183	-0.0798708	0.384848	2.43408	0.0121825	0.0362993	0.359524	
8	10	10	10.5115	-0.0644818	0.367235	1.95206	0.0163435	0.0319576	0.263041	
8	11	10	10.5276	-0.0813545	0.38028	2.41099	0.0162891	0.0279715	0.333837	
8	12	9	10.6035	-0.103982	0.405042	2.61762	0.0124823	0.0265081	0.348517	
8	13	9	10.7882	-0.102754	0.418214	1.76024	0.0134062	0.03713	0.236659	
8	14	9	10.7588	-0.106659	0.350712	2.42329	0.0193829	0.0248011	0.43553	
8	15	9	10.7761	-0.0903351	0.302758	2.71463	0.0231597	0.0259282	0.536291	
8	16	9	10.9621	-0.120964	0.323447	3.99303	0.0192457	0.02417	0.958766	
8	17	8	10.8348	-0.113687	0.438345	1.80429	0.012107	0.0284533	0.218251	
8	18	9	10.8266	-0.103146	0.336758	2.02556	0.0176329	0.0318976	0.369971	
8	19	8	10.7462	1.81293	0.353014	1.6683	0.0133827	0.0232881	0.214335	
8	20	8	10.7616	-0.0928825	0.441826	1.92659	0.0120023	0.0259789	0.269097	
8	21	8	10.9774	-0.0798452	0.436579	1.4721	0.00980669	0.0522511	0.197116	
8	22	9	10.8614	-0.0934453	0.33024	2.17367	0.0176715	0.0275019	0.499837	
8	23	9	10.7367	-0.0931568	0.386751	2.03035	0.0171112	0.0302428	0.280681	
8	24	9	10.8494	-0.0948906	0.388097	2.67988	0.0151725	0.0265831	0.470956	
8	25	9	10.8937	-0.0886438	0.42029	2.07538	0.0132609	0.0357474	0.275875	
8	26	8	11.0655	-0.121352	0.402887	2.67612	0.0181233	0.0427176	0.580056	
8	27	8	10.8888	-0.0906096	0.391709	2.31096	0.018433	0.0367533	0.425813	
8	28	8	10.9545	-0.0658745	0.337525	1.89416	0.0171873	0.0381663	0.453085	
8	29	8	10.8941	-0.0718318	0.382708	1.72413	0.0144289	0.0306159	0.261558	
8	30	8	11.0127	-0.0981536	0.436659	2.06134	0.0133074	0.0260581	0.252594	
8	31	8	10.8122	-0.0682571	0.345155	2.07992	0.0162266	0.0300261	0.355634	
8	32	8	10.7256	-0.0761997	0.382669	1.75482	0.0119778	0.0519631	0.347071	
8	33	-1	-1	-1	-1	-1	-1	-1	-1	
8	34	8	10.7681	-0.0745469	0.426753	1.81193	0.0120536	0.0619911	0.413085	
8	35	8	10.5902	-0.0963374	0.453195	1.98484	0.012969	0.0509081	0.337562	
8	36	8	10.8654	-0.0910929	0.365865	2.51625	0.019414	0.0393627	0.557898	
8	37	8	10.7776	-0.0697281	0.395776	1.87492	0.0151633	0.0471563	0.326959	
8	38	7	11.0032	-0.104172	0.380276	2.14363	0.0166545	0.032341	0.386119	
8	39	8	10.7535	-0.0738275	0.405236	1.61393	0.0144122	0.0367989	0.198303	
8	40	-1	-1	-1	-1	-1	-1	-1	-1	
8	41	-1	-1	-1	-1	-1	-1	-1	-1	
8	42	-1	-1	-1	-1	-1	-1	-1	-1	
8	43	-1	-1	-1	-1	-1	-1	-1	-1	
8	44	-1	-1	-1	-1	-1	-1	-1	-1	
8	45	-1	-1	-1	-1	-1	-1	-1	-1	
8	46	-1	-1	-1	-1	-1	-1	-1	-1	
8	47	-1	-1	-1	-1	-1	-1	-1	-1	
9	0	6	11.0815	-0.135313	0.449222	1.73194	0.0264526	0.0388174	0.319918	
9	1	8	10.8158	-0.108449	0.56402	1.70551	0.0158728	0.0395234	0.186538	
9	2	8	10.9738	-0.163917	0.543834	1.80548	0.0121579	0.0424685	0.181364	
9	3	8	11.0463	-0.0693192	0.405543	1.42913	0.0206922	0.0458879	0.234786	
9	4	8	11.0087	-0.111686	0.369445	2.09951	0.0159444	0.0266749	0.296353	
9	5	8	11.1732	-0.149244	0.332498	2.66716	0.0352574	0.0374791	0.577807	
9	6	8	11.172	-0.15131	0.374101	2.17598	0.0149469	0.029317	0.367651	
9	7	8	11.1355	-0.128202	0.396891	2.1328	0.0153732	0.0277713	0.342903	
9	8	8	10.3108	-0.0874264	0.39093	1.57091	0.0224513	0.041974	0.263348	
9	9	8	10.4564	-0.18074	0.401335	3.53333	0.0308294	0.0269912	0.943928	
9	10	8	10.4713	-0.084331	0.357922	1.88271	0.0243396	0.0328686	0.366566	
9	11	8	10.49	-0.135148	0.361276	2.57085	0.0214857	0.0231465	0.485569	
9	12	8	10.5611	-0.224957	0.470776	3.34738	0.0278796	0.0270927	0.839618	
9	13	8	10.5745	-0.115529	0.375187	2.24012	0.028349	0.0353251	0.486637	
9	14	8	10.283	-0.122849	0.369307	2.08755	0.013563	0.0264512	0.300103	
9	15	8	10.4756	-0.119803	0.370105	2.10773	0.0213397	0.0336916	0.41677	
9	16	8	10.7888	-0.115063	0.326869	2.48792	0.0259499	0.0273081	0.596231	
9	17	7	10.7164	-0.0738914	0.356843	1.53037	0.0131446	0.0376373	0.263882	
9	18	7	10.7806	-0.148686	0.391259	2.51846	0.0272644	0.0301046	0.47912	
9	19	7	10.5371	-0.101462	0.455956	1.54101	0.0195801	0.0347263	0.208227	
9	20	7	10.6415	-0.103916	0.490258	1.22938	0.0112586	0.0518489	0.139064	
9	21	7	10.7657	-0.153281	0.352435	2.52185	0.0367732	0.0388674	0.730853	
9	22	7	10.6824	-0.171985	0.4337	2.47751	0.0196718	0.0269535	0.393785	
9	23	7	10.6741	-0.109714	0.300745	2.13808	0.0183141	0.0216872	0.419265	
9	24	7	11.0592	-0.126989	0.383774	1.79674	0.0158475	0.0262532	0.221794	
9	25	7	11.326	-0.145344	0.430648	2.19452	0.0273493	0.0345753	0.441384	
9	26	7	11.3812	-0.124519	0.389409	1.96929	0.0176132	0.03601	0.430854	
9	27	7	11.1865	-0.169801	0.387552	3.38947	0.0286145	0.0274421	0.735845	
9	28	7	11.1334	-0.186762	0.371226	3.18955	0.028703	0.0290503	0.662003	
9	29	7	11.2122	-0.116813	0.44643	1.89188	0.0269259	0.0372356	0.298672	
9	30	7	11.1238	-0.136772	0.351339	2.52215	0.0229807	0.0292499	0.480538	
9	31	7	11.1687	-0.128466	0.364589	1.61817	0.0148378	0.0266528	0.225795	
9	32	7	10.9655	-0.173082	0.441709	2.19303	0.0253286	0.0430521	0.446547	
9	33	7	10.9803	-0.20597	0.415356	2.96087	0.0249588	0.0242114	0.585935	
9	34	7	15.6514	-0.109196	0.353584	2.38149	0.0135452	0.0222145	0.31614	
9	35	7	11.0426	-0.186777	0.413317	3.07452	0.0284821	0.0279139	0.791407	
9	36	-1	-1	-1	-1	-1	-1	-1	-1	
9	37	7	10.9972	-0.203974	0.374577	4.19181	0.0614131	0.0577773	1.46191	
9	38	6	10.9231	-0.100751	0.421823	1.45023	0.0112558	0.0500306	0.207372	
9	39	6	10.9438	-0.22261	0.385281	4.61361	0.109599	0.0964031	2.70462	
9	40	7	10.8169	-0.0921512	0.322588	2.51818	0.0250341	0.0285972	0.826357	
9	41	7	10.7228	-1214.21	1214.33	30530.7	0.0896767	0.0896771	1505.85	
9	42	7	10.7754	-0.191582	0.370342	3.47947	0.0334095	0.0279834	0.890539	
9	43	6	10.886	-0.0955693	0.297327	2.27887	0.0172669	0.0198753	0.459799	
9	44	6	10.8944	-0.157304	0.340183	2.65274	0.034949	0.0334224	0.688201	
9	45	6	10.9633	-0.124249	0.335443	2.24636	0.0313537	0.035506	0.537252	
9	46	6	10.9087	-0.0648376	0.322295	1.12573	0.0277767	0.038915	0.281157	
9	47	4	11.2062	-0.109914	0.425542	1.10921	0.0203999	0.0291048	0.142045	
10	0	5	10.7457	-0.0809328	0.442176	1.25039	0.0248074	0.062955	0.317198	
10	1	7	10.6851	-0.111238	0.474335	1.8692	0.018271	0.0532308	0.285121	
10	2	7	10.6076	-0.0786734	0.410143	2.30633	0.0185453	0.0352388	0.35895	
10	3	8	10.7022	-0.110177	0.347471	2.82305	0.0168973	0.0312503	0.524654	
10	4	7	10.7631	-0.0718019	0.384866	1.69503	0.0163709	0.0394703	0.282201	
10	5	8	10.7425	-0.0849906	0.34428	2.32203	0.0223117	0.0384429	0.465366	
10	6	7	10.6822	-0.0774144	0.372771	2.08807	0.0155373	0.0285566	0.321542	
10	7	7	10.6741	-0.0741342	0.38741	1.59085	0.0168469	0.027812	0.20178	
10	8	7	10.8318	-0.138195	0.477902	2.45211	0.0143007	0.0423387	0.357469	
10	9	7	10.6621	-0.133133	0.527008	2.70877	0.0156629	0.0371654	0.412804	
10	10	8	10.9868	-0.0977812	0.37646	3.12898	0.024799	0.0328017	0.668869	
10	11	8	10.8396	-0.0948236	0.381543	2.24442	0.0166005	0.0447943	0.457542	
10	12	8	10.9478	-0.0895275	0.432188	1.78326	0.0124549	0.0521165	0.291592	
10	13	-1	-1	-1	-1	-1	-1	-1	-1	
10	14	8	11.1223	-0.120174	0.419492	2.0235	0.0125946	0.0380806	0.300538	
10	15	8	11.0967	-0.087308	0.384303	2.22919	0.0130116	0.0301507	0.410776	
10	16	8	10.6683	-0.0972242	0.35827	2.70787	0.0133228	0.0260201	0.424403	
10	17	8	10.9656	-0.0814071	0.346754	1.63838	0.0147703	0.0335608	0.238422	
10	18	7	10.3295	-0.100324	0.250288	1.61648	0.0245475	0.0293819	0.492009	
10	19	8	11.0626	-0.0524171	0.317601	1.55278	0.0179381	0.0304014	0.292196	
10	20	8	10.8786	-0.0975091	0.291249	2.42854	0.0174031	0.0291482	0.504347	
10	21	-1	-1	-1	-1	-1	-1	-1	-1	
10	22	8	10.8557	-0.0821045	0.372665	1.68209	0.0162358	0.0334904	0.254312	
10	23	8	10.6917	-0.11022	0.412749	2.89499	0.0140007	0.0326772	0.490344	
10	24	8	10.8471	-0.949951	-0.578788	0.639049	0.00569181	0.13717	0.0624826	
10	25	8	10.816	-0.0989335	0.452594	2.16253	0.0107411	0.0387039	0.267447	
10	26	9	10.8315	-0.0911548	0.392686	2.91651	0.0216702	0.0297256	0.623092	
10	27	8	10.8489	-0.125353	0.413652	2.19355	0.0139598	0.0349776	0.322017	
10	28	8	10.7263	-0.128451	0.394038	2.76927	0.0154612	0.0293641	0.396046	
10	29	8	10.6063	-0.148743	0.428813	3.16099	0.0174543	0.0319096	0.538761	
10	30	9	10.8476	-0.0728414	0.323525	2.50256	0.0225082	0.0334336	0.476764	
10	31	9	10.63	-0.0781949	0.411403	1.93784	0.0145555	0.0356723	0.279214	
10	32	9	10.3803	-0.120025	0.512114	1.60405	0.016232	0.0493868	0.198805	
10	33	9	10.385	-0.0986543	0.374729	1.88884	0.012681	0.0264797	0.215567	
10	34	8	10.5263	-0.0975852	0.472782	1.80913	0.0152695	0.0496239	0.30448	
10	35	9	10.6409	-0.074678	0.296351	1.96973	0.016837	0.0295535	0.388992	
10	36	9	10.3584	-0.0944776	0.484041	1.93184	0.0109398	0.0824643	0.474362	
10	37	9	10.3367	-0.107414	0.35202	2.4725	0.0131216	0.0231674	0.397382	
10	38	8	10.545	-0.0970641	0.312293	2.32669	0.0152022	0.027854	0.446413	
10	39	9	10.5026	-0.15062	0.36263	3.62537	0.0235042	0.0252985	0.842723	
10	40	9	10.8344	-0.106285	0.435193	2.16453	0.0169583	0.0411398	0.349872	
10	41	9	10.7557	-1.01102	-0.22618	5.26556	0.0620364	0.065182	3.64629	
10	42	10	10.8599	-0.0910615	0.412012	1.63297	0.0132066	0.0253934	0.174258	
10	43	10	10.6732	-0.0906306	0.499466	1.67225	0.0164077	0.0439055	0.204215	
10	44	10	10.6655	-0.119434	0.514887	2.18335	0.0163175	0.0452277	0.347347	
10	45	10	10.6843	-0.142554	0.609811	2.1476	0.0123119	0.0486815	0.222934	
10	46	10	10.7373	-0.104434	0.566912	1.65943	0.0133757	0.0689164	0.223723	
10	47	7	11.0063	-0.0982555	0.53351	1.23318	0.0166906	0.0585873	0.172774	
11	0	5	10.8406	-0.126921	0.392625	1.83643	0.0221121	0.0429553	0.412871	
11	1	7	10.945	-0.171928	0.461309	2.61154	0.0159698	0.0361455	0.336682	
11	2	7	10.8688	-0.103697	0.463271	1.61356	0.0192123	0.0503986	0.268863	
11	3	7	10.651	-0.103134	0.41126	1.95148	0.0180536	0.0361959	0.282387	
11	4	8	10.6249	-0.195662	0.391509	5.02097	0.0442332	0.0304536	2.04529	
11	5	8	10.6012	-0.104212	0.359922	2.40781	0.0138357	0.0226128	0.326306	
11	6	8	10.6099	-0.130547	0.331441	2.96739	0.0201178	0.0282366	0.506609	
11	7	8	10.5586	-0.10408	0.38552	2.30598	0.0221919	0.0313122	0.337635	
11	8	8	10.7618	-0.153501	0.427624	2.96568	0.0165186	0.0209183	0.350902	
11	9	8	10.6853	-0.0943223	0.362029	2.12732	0.0196323	0.0365485	0.374578	
11	10	8	10.7715	-0.11321	0.404728	2.26634	0.0184834	0.0343449	0.345976	
11	11	8	10.4855	-0.0728237	0.418531	2.19768	0.0241759	0.0369681	0.388471	
11	12	8	10.6077	-0.0680704	0.395331	2.17767	0.0197349	0.040723	0.34613	
11	13	8	10.7703	-0.105386	0.474378	2.0393	0.0195757	0.0253852	0.265142	
11	14	8	10.8163	-0.130197	0.463956	2.2715	0.019824	0.0451733	0.356961	
11	15	8	10.9002	-0.109546	0.415971	2.20452	0.0182237	0.0367441	0.368097	
11	16	8	10.6971	-0.0984757	0.341632	2.31037	0.0104606	0.0236574	0.293296	
11	17	8	10.6759	-0.12649	0.417065	2.75644	0.0224138	0.0390904	0.5688	
11	18	8	10.7723	-0.0747413	0.456664	1.64396	0.00843297	0.0562012	0.226704	
11	19	9	10.6669	-0.102547	0.447983	2.03202	0.0133411	0.0454218	0.31848	
11	20	9	10.6389	-0.0922669	0.41841	2.14974	0.00855642	0.0291655	0.236402	
11	21	9	10.8187	-0.165394	0.462733	3.375	0.0146701	0.0309656	0.495855	
11	22	9	10.6807	-0.0809315	0.525691	1.69198	0.0105407	0.0502977	0.191567	
11	23	9	10.6423	-0.0628527	0.558392	1.47814	0.00960814	0.0750178	0.184198	
11	24	9	10.6276	-0.097511	0.393542	2.11516	0.0164796	0.0255678	0.281873	
11	25	8	10.7645	-0.0958233	0.419602	2.00969	0.0197866	0.0370162	0.287903	
11	26	9	10.843	-0.120739	0.374428	2.77003	0.0227835	0.0285658	0.445721	
11	27	9	10.5491	-0.137219	0.503236	2.41599	0.011202	0.0311091	0.272912	
11	28	8	10.7092	-0.0911573	0.427313	2.03366	0.0224299	0.0456381	0.350291	
11	29	9	10.6993	-0.0997209	0.49614	2.08511	0.0112803	0.0624944	0.29029	
11	30	9	10.7286	-0.102646	0.54575	2.05024	0.0107689	0.0540881	0.247689	
11	31	9	10.6117	-0.140093	0.523739	2.05424	0.0124978	0.040358	0.218594	
11	32	9	10.3728	-0.117122	0.507565	2.34568	0.0183648	0.0334596	0.288311	
11	33	9	10.297	-0.113888	0.455484	2.55095	0.0159265	0.0325287	0.363585	
11	34	9	10.5146	-0.0825621	0.397004	1.85382	0.0153361	0.0292982	0.2115	
11	35	9	10.3544	-0.139792	0.413018	3.06123	0.0122248	0.0239255	0.4046	
11	36	9	10.4401	-0.0980009	0.543261	1.70302	0.008424	0.0607381	0.174406	
11	37	9	10.4876	-0.111561	0.47792	1.93818	0.0119516	0.0302652	0.17498	
11	38	9	10.3323	-0.0891151	0.548752	1.88354	0.0198632	0.0570279	0.234913	
11	39	9	10.4164	-0.136601	0.377606	3.12064	0.0151458	0.0251699	0.448983	
11	40	8	10.6757	-0.0915573	0.251357	1.1807	0.0154547	0.0236025	0.206664	
11	41	9	10.8156	-0.0930957	0.444623	1.95392	0.0155004	0.0416611	0.25743	
11	42	10	10.6192	-0.121372	0.454886	2.6582	0.0143117	0.0341455	0.371325	
11	43	10	10.4782	-0.0693222	0.456309	1.80892	0.0155065	0.0328993	0.195877	
11	44	10	10.6321	-0.0905132	0.481204	1.71402	0.00965101	0.0348719	0.152276	
11	45	9	10.5719	-0.0976711	0.499114	1.84941	0.0152382	0.0549218	0.263885	
11	46	10	10.5919	-0.120291	0.57912	1.79552	0.0158086	0.0415139	0.167114	
11	47	7	10.874	-0.121436	0.4773	1.47524	0.0177398	0.0300825	0.152701	
12	0	4	11.5076	-0.0580614	0.356034	0.736559	0.028324	0.0533592	0.234235	
12	1	7	10.9827	-0.130229	0.363808	2.07011	0.0260828	0.0315424	0.359215	
12	2	7	11.1701	-0.0969732	0.44857	1.88703	0.0194774	0.0365386	0.27134	
12	3	8	10.9257	-0.0974514	0.453753	1.92976	0.0245302	0.0619352	0.373115	
12	4	8	10.9991	-0.0555014	0.425188	1.41197	0.015672	0.0510264	0.194841	
12	5	8	11.0093	-0.0765321	0.405193	1.97119	0.0229769	0.0565934	0.413086	
12	6	8	10.8896	-0.107735	0.400623	2.34119	0.0181426	0.0308251	0.330831	
12	7	8	10.9958	-0.110808	0.399992	2.26901	0.0178297	0.0478828	0.45973	
12	8	8	10.5694	-0.0632864	0.395285	1.54851	0.0165894	0.0311049	0.18527	
12	9	8	12.2308	-0.0934783	0.409141	2.17216	0.0152971	0.0318736	0.282979	
12	10	8	10.6489	-0.0661348	0.524508	1.59	0.0139758	0.0715156	0.251441	
12	11	8	10.5161	-0.0599279	0.400632	1.73678	0.0153653	0.0260105	0.224384	
12	12	8	10.7435	-0.0829555	0.475643	1.51843	0.00946325	0.0493486	0.194753	
12	13	8	10.584	-0.0549293	0.41833	1.72833	0.014733	0.0436359	0.255167	
12	14	8	10.6855	-0.0499061	0.324611	1.76139	0.0165682	0.0316877	0.280495	
12	15	8	10.6595	-0.0767097	0.483461	1.31703	0.00884007	0.0395447	0.119142	
12	16	8	11.0472	-0.120504	0.375506	2.16694	0.0166673	0.0282833	0.306567	
12	17	8	10.829	-0.101394	0.450664	1.89298	0.0172069	0.0260823	0.200232	
12	18	8	10.9723	-0.0773658	0.338964	2.04563	0.0157577	0.0273358	0.309289	
12	19	9	10.8196	-0.0959282	0.512736	1.72468	0.013537	0.0360026	0.180999	
12	20	9	10.8236	-0.143388	0.424268	2.85295	0.0138315	0.0227596	0.300957	
12	21	9	10.9092	-0.0682073	0.562812	1.55905	0.0184887	0.0866726	0.238243	
12	22	9	10.7457	-0.0873083	0.460553	1.67719	0.0178081	0.0319462	0.204014	
12	23	9	10.7092	-0.0730706	0.439639	1.51207	0.0168504	0.0478249	0.211704	
12	24	9	10.4041	-0.0916665	0.444305	1.99875	0.0186351	0.0423387	0.319943	
12	25	9	10.3645	-0.0807946	0.337707	1.83464	0.0150779	0.0374055	0.277494	
12	26	9	10.397	-0.0911359	0.520642	1.43824	0.012046	0.0580985	0.179957	
12	27	9	10.3604	-0.0881448	0.435495	1.647	0.01765	0.044058	0.219009	
12	28	9	10.3616	-0.10187	0.461181	1.98688	0.0217887	0.0599217	0.395408	
12	29	9	10.3303	-0.0909488	0.373651	2.01147	0.0161506	0.0374958	0.30117	
12	30	9	10.1214	-0.0986001	0.459664	1.77076	0.00937734	0.039592	0.19162	
12	31	9	10.2612	-0.0797594	0.462638	1.59134	0.011006	0.0539673	0.19472	
12	32	9	10.5119	-0.0786277	0.467851	1.59828	0.0130914	0.0621078	0.224338	
12	33	9	10.453	-0.100289	0.445469	1.78216	0.0148501	0.0348478	0.177407	
12	34	9	10.4907	-0.126511	0.53181	1.68381	0.0116191	0.0364203	0.154574	
12	35	9	10.4133	-0.0971669	0.496982	1.88058	0.0116227	0.043727	0.196164	
12	36	9	10.4705	-0.0683817	0.530622	1.47247	0.0156153	0.0723587	0.209014	
12	37	9	10.4717	-0.0989583	0.469505	1.98225	0.0126393	0.0406683	0.219777	
12	38	9	10.5498	-0.100781	0.514945	1.92862	0.0142746	0.0686865	0.291632	
12	39	9	10.803	-0.0827164	0.47238	1.49296	0.0107184	0.0383277	0.138983	
12	40	-1	-1	-1	-1	-1	-1	-1	-1	
12	41	10	10.4014	-0.0704459	0.50726	1.81291	0.0124002	0.0524364	0.217207	
12	42	10	10.2747	-0.0914788	0.439832	2.12252	0.0138683	0.0311804	0.227723	
12	43	11	10.1661	-0.075612	0.515718	1.9263	0.0179841	0.0410001	0.242233	
12	44	10	10.2051	-0.0978856	0.391607	2.37912	0.0142689	0.0243178	0.246957	
12	45	10	10.6049	-0.0877594	0.430046	1.86576	0.0133066	0.0284271	0.193129	
12	46	9	10.4812	-0.142252	0.557596	1.94913	0.0245475	0.0507563	0.298612	
12	47	6	10.6381	-0.113274	0.428951	1.33666	0.0318001	0.0513133	0.275341	
13	0	6	11.6772	-0.0621125	0.39325	3.34148	0.0245202	0.0381083	0.898418	
13	1	8	11.0959	-0.0774516	0.501283	1.5922	0.0121107	0.0623552	0.229205	
13	2	8	10.7792	-0.138153	0.519929	2.448	0.0103209	0.0326983	0.282207	
13	3	8	10.9491	-0.146564	0.406787	3.6342	0.0228711	0.0381237	0.757355	
13	4	7	10.9428	-0.0880371	0.413471	2.12923	0.0201014	0.0265994	0.362082	
13	5	8	11.0694	-0.132686	0.43838	2.4135	0.0241809	0.0491013	0.532162	
13	6	8	11.0448	-0.157621	0.386684	3.35742	0.0255564	0.0288838	0.598351	
13	7	8	10.9579	-0.165997	0.410996	2.51656	0.0142406	0.0366628	0.458257	
13	8	8	10.573	-0.0973991	0.451885	1.83403	0.00969229	0.0427254	0.249231	
13	9	7	10.6884	-0.12008	0.4081	2.22192	0.0195778	0.0309036	0.331427	
13	10	7	10.7268	-0.13276	0.496544	1.8712	0.0159918	0.0466986	0.271404	
13	11	8	10.5992	-0.108612	0.399997	2.02772	0.0135382	0.037369	0.302127	
13	12	8	10.8286	-0.0910336	0.360459	2.0075	0.0162826	0.0452788	0.438216	
13	13	8	10.8483	-0.111851	0.389275	2.16973	0.0127328	0.0307015	0.369907	
13	14	8	10.6248	-0.0791697	0.432198	1.4801	0.00985252	0.0465308	0.176097	
13	15	8	10.6083	-0.128917	0.423652	2.50455	0.0250341	0.0374053	0.481955	
13	16	8	10.9654	-0.114249	0.44407	2.19154	0.0212836	0.0309535	0.290028	
13	17	8	10.8313	-0.0770302	0.386858	1.78214	0.0152441	0.0286561	0.215991	
13	18	8	10.9636	-0.115578	0.441164	2.23456	0.0221397	0.0341059	0.316804	
13	19	8	10.8894	-0.114592	0.417038	2.00857	0.0195486	0.0339396	0.291994	
13	20	8	10.943	-0.122568	0.455798	1.74496	0.0185453	0.0483057	0.254429	
13	21	8	11.0059	-0.0723904	0.383477	1.61606	0.022543	0.0490221	0.307547	
13	22	8	10.912	-0.0831408	0.451122	1.65195	0.0204286	0.0561193	0.271209	
13	23	8	10.9846	-0.0907316	0.368046	1.73717	0.0214598	0.0337541	0.270707	
13	24	8	10.845	-0.109657	0.402782	1.74528	0.0146875	0.0282154	0.206455	
13	25	8	10.9334	-0.092806	0.368832	1.88694	0.0178113	0.0248578	0.257662	
13	26	8	10.9628	-0.102774	0.403548	2.07614	0.0285924	0.0494788	0.397099	
13	27	8	10.8545	-0.124822	0.436922	2.3643	0.017927	0.0441545	0.48728	
13	28	8	10.7325	-0.100033	0.453816	2.04124	0.0113317	0.0404991	0.268526	
13	29	8	10.8618	-0.161612	0.473978	2.69074	0.0210208	0.0357372	0.442715	
13	30	8	10.8144	-0.0962107	0.363814	1.63993	0.0202655	0.0261864	0.236024	
13	31	9	10.8105	-0.103884	0.368853	2.09286	0.0144489	0.0242489	0.261353	
13	32	8	10.801	-0.0970626	0.439064	1.88438	0.0165184	0.0538229	0.340581	
13	33	8	10.686	-0.117301	0.431411	2.18024	0.0171191	0.0421208	0.342875	
13	34	8	10.7591	-1.00523	-20.6842	0.517779	0.00622196	8.52995	0.0582691	
13	35	9	10.6655	-0.115231	0.381138	2.13766	0.0164586	0.0279305	0.275672	
13	36	9	10.7721	-0.119348	0.415541	2.07851	0.0116449	0.0232501	0.219005	
13	37	9	10.7754	-0.101869	0.460623	1.78251	0.0135899	0.0420734	0.208723	
13	38	8	10.5953	-0.0921843	0.406113	1.98782	0.0245101	0.0464016	0.356796	
13	39	8	10.6434	-0.111412	0.435478	1.95188	0.016199	0.0453311	0.32433	
13	40	8	11.1613	-0.098882	0.4238	1.75712	0.0163516	0.0539865	0.270167	
13	41	9	11.0811	-0.0885852	0.498274	1.68098	0.0128274	0.0376102	0.157344	
13	42	9	10.9623	-0.111927	0.536631	1.74079	0.0218376	0.0587456	0.261965	
13	43	10	10.8763	-0.118992	0.544407	1.66705	0.00950551	0.0360907	0.134953	
13	44	10	10.7758	-0.0708927	0.389951	1.56295	0.00939796	0.0233372	0.132007	
13	45	10	10.7913	-0.0922707	0.61585	1.69465	0.0120789	0.0648509	0.18026	
13	46	10	10.7486	-0.143479	0.605389	1.94337	0.0179647	0.0551058	0.230304	
13	47	7	11.099	-0.119025	0.455041	2.16618	0.018992	0.0359302	0.378982	
14	0	5	11.2725	-0.10667	0.401384	1.436	0.0249211	0.0415608	0.245523	
14	1	7	11.1208	-0.117687	0.461822	1.9864	0.0137063	0.0410896	0.254658	
14	2	7	11.3208	-0.102834	0.354595	2.85513	0.0181527	0.0312129	0.553896	
14	3	7	10.9735	-0.0857493	0.476868	1.83163	0.0128958	0.0465028	0.267051	
14	4	7	10.9827	-0.0880753	0.360637	2.3554	0.0238732	0.0367224	0.42998	
14	5	8	11.0637	-0.073136	0.402357	1.91939	0.013227	0.0390981	0.24916	
14	6	8	11.0188	-0.0855831	0.445339	2.03758	0.0150741	0.0605777	0.372813	
14	7	8	11.0134	-0.0543187	0.466333	1.53046	0.0173096	0.03349	0.205053	
14	8	7	10.8026	-0.0696567	0.470336	1.56072	0.0185505	0.0358645	0.205945	
14	9	7	10.836	-0.0489543	0.388429	1.56396	0.0120708	0.0441547	0.201698	
14	10	7	10.9431	-0.0680417	0.420571	2.19462	0.0172506	0.0684772	0.582294	
14	11	8	10.6999	-0.0869943	0.404829	2.26604	0.0104961	0.0573333	0.521106	
14	12	8	10.7214	-0.0724522	0.400176	1.74454	0.0147787	0.0344242	0.234531	
14	13	8	10.8371	-0.0889014	0.433605	1.84311	0.0118515	0.0575352	0.302968	
14	14	8	10.8135	-0.106812	0.499897	2.07928	0.0199144	0.0394942	0.295388	
14	15	7	10.5975	-0.10319	0.438474	2.19316	0.0199188	0.0430272	0.378427	
14	16	8	10.5754	-0.0711691	0.420435	1.73013	0.0148974	0.0457468	0.292969	
14	17	8	10.3856	-0.0666955	0.390988	1.4493	0.0151034	0.0463404	0.209753	
14	18	8	10.4943	-0.067146	0.399523	2.01062	0.0139492	0.0351982	0.310397	
14	19	8	10.4323	-0.117749	0.434278	2.01301	0.0203738	0.050233	0.403561	
14	20	8	10.4947	-0.0728401	0.455732	1.86717	0.0207844	0.0478319	0.318774	
14	21	8	10.4061	-0.116236	0.407737	2.64189	0.0161839	0.0356894	0.419697	
14	22	8	10.2574	-0.10738	0.483689	1.92952	0.0115323	0.03873	0.257982	
14	23	8	10.3461	-0.0865478	0.488681	1.73311	0.0168339	0.0542364	0.244446	
14	24	8	10.5238	-0.0988936	0.403123	2.2308	0.0182501	0.0432653	0.451118	
14	25	8	10.7127	-0.0755159	0.416858	1.34099	0.014762	0.048851	0.180796	
14	26	8	10.6818	-0.123604	0.42602	2.23403	0.0129405	0.038045	0.330992	
14	27	8	10.66	-0.0813554	0.410988	1.82319	0.0154342	0.0435726	0.283724	
14	28	8	10.6901	-0.106044	0.41159	2.12598	0.0117462	0.0322126	0.255829	
14	29	8	10.7478	-0.0918931	0.477234	1.91639	0.0144211	0.0594199	0.335171	
14	30	9	10.6604	-0.0837975	0.45376	1.78656	0.0101018	0.0500936	0.242588	
14	31	8	10.7475	-0.0591965	0.402437	1.48856	0.0123183	0.0356184	0.209758	
14	32	8	11.0672	-0.0847674	0.421145	1.8418	0.0156741	0.042443	0.268341	
14	33	9	11.1969	-0.102038	0.414996	2.53253	0.0112883	0.0282068	0.345535	
14	34	8	11.0681	-0.09877	0.441765	3.19595	0.0183304	0.024104	0.380099	
14	35	8	11.0407	-0.0911946	0.358206	2.06081	0.0138567	0.0260706	0.289847	
14	36	9	10.9355	-0.091311	0.509881	1.83695	0.0133581	0.0427991	0.206675	
14	37	8	10.95	-0.0824667	0.412677	1.95693	0.0114134	0.0500517	0.319908	
14	38	8	11.0122	-0.0980145	0.401579	2.31314	0.019833	0.024256	0.289802	
14	39	8	10.8506	-0.156229	0.433986	3.95364	0.0225256	0.025831	0.677078	
14	40	8	10.5257	-0.135414	0.448666	2.30207	0.0125505	0.051093	0.422421	
14	41	9	10.5575	-0.0822395	0.423452	1.37388	0.0100273	0.0445741	0.173768	
14	42	9	10.5681	-0.115506	0.479295	1.95189	0.0109006	0.0499617	0.266499	
14	43	9	10.546	-0.0800316	0.488574	1.5123	0.0123269	0.0426875	0.160248	
14	44	9	10.4571	-0.0789745	0.496636	1.39914	0.0212779	0.0609621	0.21294	
14	45	8	11.7199	-0.0878372	0.267607	1.03138	0.0154735	0.0257922	0.18635	
14	46	9	10.4258	-0.128625	0.476403	2.1432	0.0182118	0.0373395	0.27398	
14	47	6	10.5381	-0.128605	0.558854	0.968889	0.0179562	0.0579354	0.1118	
15	0	-1	-1	-1	-1	-1	-1	-1	-1	
15	1	-1	-1	-1	-1	-1	-1	-1	-1	
15	2	-1	-1	-1	-1	-1	-1	-1	-1	
15	3	-1	-1	-1	-1	-1	-1	-1	-1	
15	4	-1	-1	-1	-1	-1	-1	-1	-1	
15	5	-1	-1	-1	-1	-1	-1	-1	-1	
15	6	-1	-1	-1	-1	-1	-1	-1	-1	
15	7	-1	-1	-1	-1	-1	-1	-1	-1	
15	8	-1	-1	-1	-1	-1	-1	-1	-1	
15	9	-1	-1	-1	-1	-1	-1	-1	-1	
15	10	-1	-1	-1	-1	-1	-1	-1	-1	
15	11	-1	-1	-1	-1	-1	-1	-1	-1	
15	12	-1	-1	-1	-1	-1	-1	-1	-1	
15	13	-1	-1	-1	-1	-1	-1	-1	-1	
15	14	-1	-1	-1	-1	-1	-1	-1	-1	
15	15	-1	-1	-1	-1	-1	-1	-1	-1	
15	16	-1	-1	-1	-1	-1	-1	-1	-1	
15	17	-1	-1	-1	-1	-1	-1	-1	-1	
15	18	-1	-1	-1	-1	-1	-1	-1	-1	
15	19	-1	-1	-1	-1	-1	-1	-1	-1	
15	20	-1	-1	-1	-1	-1	-1	-1	-1	
15	21	-1	-1	-1	-1	-1	-1	-1	-1	
15	22	-1	-1	-1	-1	-1	-1	-1	-1	
15	23	-1	-1	-1	-1	-1	-1	-1	-1	
15	24	-1	-1	-1	-1	-1	-1	-1	-1	
15	25	-1	-1	-1	-1	-1	-1	-1	-1	
15	26	-1	-1	-1	-1	-1	-1	-1	-1	
15	27	-1	-1	-1	-1	-1	-1	-1	-1	
15	28	-1	-1	-1	-1	-1	-1	-1	-1	
15	29	-1	-1	-1	-1	-1	-1	-1	-1	
15	30	-1	-1	-1	-1	-1	-1	-1	-1	
15	31	-1	-1	-1	-1	-1	-1	-1	-1	
15	32	-1	-1	-1	-1	-1	-1	-1	-1	
15	33	-1	-1	-1	-1	-1	-1	-1	-1	
15	34	-1	-1	-1	-1	-1	-1	-1	-1	
15	35	-1	-1	-1	-1	-1	-1	-1	-1	
15	36	-1	-1	-1	-1	-1	-1	-1	-1	
15	37	-1	-1	-1	-1	-1	-1	-1	-1	
15	38	-1	-1	-1	-1	-1	-1	-1	-1	
15	39	-1	-1	-1	-1	-1	-1	-1	-1	
15	40	-1	-1	-1	-1	-1	-1	-1	-1	
15	41	-1	-1	-1	-1	-1	-1	-1	-1	
15	42	-1	-1	-1	-1	-1	-1	-1	-1	
15	43	-1	-1	-1	-1	-1	-1	-1	-1	
15	44	-1	-1	-1	-1	-1	-1	-1	-1	
15	45	-1	-1	-1	-1	-1	-1	-1	-1	
15	46	-1	-1	-1	-1	-1	-1	-1	-1	
15	47	-1	-1	-1	-1	-1	-1	-1	-1	
16	0	4	11.4724	-0.337134	0.33293	0.0752366	0.011942	0.0542802	1.41421	
16	1	6	11.3723	-0.0512716	0.346996	1.63642	0.019335	0.0571478	0.372567	
16	2	6	11.2152	-0.0138624	0.404676	1.57283	0.0171347	0.0571926	0.303219	
16	3	5	11.4036	-0.0386949	0.295113	1.75913	0.0148428	0.0264829	0.452643	
16	4	6	11.1963	-0.0570526	0.308893	1.7991	0.0159583	0.0455086	0.414341	
16	5	5	11.2745	-0.0516947	0.382545	1.94087	0.012978	0.0291178	0.266978	
16	6	5	11.4129	-0.0593561	0.312106	1.71704	0.0223532	0.0323426	0.356833	
16	7	-1	-1	-1	-1	-1	-1	-1	-1	
16	8	5	11.2503	-0.0637131	0.302804	1.3972	0.0176651	0.0329117	0.26494	
16	9	-1	-1	-1	-1	-1	-1	-1	-1	
16	10	6	11.1023	-0.0369733	0.342789	1.54037	0.0162308	0.04239	0.29871	
16	11	5	11.0213	-0.076831	0.33751	1.51192	0.01416	0.0284752	0.267578	
16	12	6	11.0074	-0.0709903	0.270121	1.92667	0.0131023	0.0223843	0.378139	
16	13	6	11.127	-0.0542181	0.316943	1.58065	0.0142518	0.0296082	0.300533	
16	14	6	11.113	-0.0781891	0.40218	1.63491	0.0122387	0.0356191	0.224091	
16	15	6	10.8755	-0.100273	0.436844	2.15104	0.014603	0.0306735	0.334665	
16	16	6	11.3123	-0.0594777	0.357733	2.18617	0.0130843	0.0236716	0.279808	
16	17	6	11.3068	-0.0710713	0.407149	2.00726	0.0169358	0.0543321	0.46735	
16	18	6	11.3021	-0.0474514	0.38036	1.65502	0.0174161	0.0541782	0.30184	
16	19	6	11.3041	-0.0334942	0.313298	1.26975	0.00975463	0.0320522	0.255137	
16	20	6	11.2205	-0.0644224	0.351656	1.67381	0.0222514	0.0393417	0.311979	
16	21	6	11.2605	-0.0955142	0.399054	2.0743	0.0110235	0.0483425	0.371062	
16	22	6	11.3165	-0.197736	0.412236	1.4982	0.0133272	0.0532433	0.226199	
16	23	6	11.3615	-0.056156	0.377372	1.82633	0.0129727	0.0218986	0.278269	
16	24	6	10.8051	-0.0842485	0.353997	2.69485	0.0154231	0.0312339	0.458948	
16	25	6	10.8361	-0.0631169	0.259334	1.79668	0.0161618	0.0211072	0.367571	
16	26	6	10.9512	-0.0734236	0.354848	1.74081	0.0133007	0.0365808	0.33842	
16	27	6	10.82	-0.0437014	0.33232	1.59951	0.0129923	0.0438934	0.304015	
16	28	6	10.7718	-0.028903	0.346663	1.28567	0.00979727	0.0585517	0.228724	
16	29	6	10.907	-0.0293074	0.232358	1.81419	0.016924	0.028885	0.452675	
16	30	6	10.7775	-1.00691	26.283	0.528787	8.1647e-06	0.0015547	3.98027e-06	
16	31	6	10.8181	-0.0975242	0.381088	2.12661	0.0125512	0.0316401	0.300733	
16	32	6	10.8093	-0.0646009	0.442741	1.35272	0.0164875	0.0245052	0.169663	
16	33	6	10.8711	-0.0537817	0.375168	1.61759	0.0149544	0.036294	0.23213	
16	34	6	10.8705	-0.046953	0.310278	1.79519	0.0148979	0.0274971	0.302555	
16	35	7	10.7204	-0.0953399	0.418604	1.96913	0.00979582	0.0375586	0.258631	
16	36	7	10.6681	-0.061778	0.30836	2.07293	0.0155408	0.0326837	0.453428	
16	37	7	10.481	-0.0472705	0.517076	1.54888	0.0108888	0.0733945	0.218624	
16	38	8	10.4783	-0.0531906	0.377049	1.63232	0.0161416	0.0359322	0.293551	
16	39	7	10.5961	-0.0485643	0.424238	1.69942	0.0124949	0.0346908	0.232801	
16	40	7	10.6767	-0.0722596	0.336324	2.24779	0.0135067	0.0313739	0.449469	
16	41	7	10.7296	-0.0418355	0.378075	1.65952	0.0154252	0.0617773	0.382453	
16	42	7	10.83	-0.0681737	0.369816	2.25012	0.0166461	0.0325887	0.493632	
16	43	7	10.6078	-0.0766207	0.371009	2.05801	0.0126939	0.0457153	0.344932	
16	44	7	10.6337	-0.0642956	0.438146	1.81027	0.0127637	0.0845064	0.392597	
16	45	7	10.5955	-0.106101	0.491964	2.22024	0.0131366	0.0708291	0.420118	
16	46	7	10.7465	-0.0485984	0.35781	2.21355	0.0108592	0.036782	0.403693	
16	47	5	10.8779	-0.121429	0.397153	2.8961	0.0183611	0.0430785	1.01251	
17	0	4	11.0313	-0.155044	0.417655	2.70527	0.0217694	0.0307035	0.717869	
17	1	6	10.8898	-0.0330154	0.517623	1.40173	0.0123484	0.140806	0.382848	
17	2	6	10.6578	-0.0900128	0.465516	2.12713	0.0181776	0.122008	0.842824	
17	3	6	10.6689	-0.0881341	0.48618	1.96115	0.0161237	0.0631287	0.335965	
17	4	6	10.6398	-0.0412095	0.538452	1.3896	0.010584	0.0810927	0.180149	
17	5	6	10.602	-0.0982311	0.464012	1.98137	0.0138149	0.0337751	0.23553	
17	6	6	10.6389	-0.0659466	0.42042	1.71955	0.0178678	0.0439087	0.243891	
17	7	6	10.6219	-0.105571	0.504697	1.98397	0.0137431	0.0562072	0.316975	
17	8	6	10.1991	-0.12377	0.383817	2.97206	0.0205065	0.0301854	0.550115	
17	9	6	10.2406	-0.108021	0.484855	1.59016	0.00986949	0.0334233	0.17359	
17	10	6	10.2452	-0.0411666	0.446485	1.52623	0.019433	0.0482345	0.258828	
17	11	6	10.1465	-0.0541242	0.487644	1.29888	0.0140957	0.0724835	0.194711	
17	12	6	10.1752	-0.0693671	0.377804	2.00078	0.0196756	0.0439359	0.425506	
17	13	6	10.3904	-0.0238949	0.411087	1.23006	0.0129942	0.0682248	0.206363	
17	14	6	10.1518	-0.0718896	0.45938	1.68487	0.00998034	0.0511311	0.220585	
17	15	7	10.1698	-0.0712856	0.507918	1.62064	0.0161521	0.0420684	0.214797	
17	16	7	10.5646	-0.0514581	0.510615	1.62494	0.0138735	0.0513081	0.270157	
17	17	7	10.6066	-0.0590269	0.418718	2.25607	0.0160469	0.0632328	0.495782	
17	18	7	10.6285	-0.0611976	0.437228	1.89929	0.0133127	0.0381963	0.288755	
17	19	7	10.5031	-0.0817357	0.466129	1.9009	0.0160374	0.0466973	0.280253	
17	20	7	10.7115	-0.0785739	0.377605	2.71769	0.0134111	0.0332567	0.622763	
17	21	7	10.8001	-0.0808351	0.465414	2.6892	0.0142265	0.0543159	0.503248	
17	22	7	10.6064	-0.0546032	0.402849	2.0214	0.011341	0.0574559	0.35468	
17	23	7	10.6507	-0.0549054	0.549231	1.39273	0.016049	0.0545003	0.154098	
17	24	7	10.6414	-0.0666853	0.601286	1.46703	0.0126802	0.0846054	0.209281	
17	25	7	10.7388	-0.0516746	0.446696	1.44942	0.0129572	0.0524107	0.207851	
17	26	7	10.7279	-0.0830032	0.512828	1.65084	0.012476	0.0592416	0.221114	
17	27	7	10.591	-0.0834799	0.485828	1.56617	0.0118628	0.0308108	0.145812	
17	28	7	10.5626	-0.058408	0.453192	1.33344	0.0123809	0.0471429	0.151584	
17	29	7	10.6944	-0.0958826	0.381692	3.44614	0.0130377	0.0298212	0.616918	
17	30	7	10.6491	-0.0539215	0.302539	2.02081	0.0159419	0.0322247	0.355066	
17	31	7	10.5752	-0.0679463	0.492976	1.55265	0.0145505	0.0744948	0.287245	
17	32	7	10.7276	-0.0515503	0.485797	1.53829	0.0171974	0.0418588	0.183082	
17	33	7	10.667	-0.648005	0.28374	0.154481	0.00964561	0.0379877	1.42037	
17	34	7	10.7332	-0.0634954	0.3399	3.21317	0.0151038	0.0219739	0.50286	
17	35	7	10.7373	-0.0652943	0.505534	1.70601	0.0107462	0.0362571	0.169181	
17	36	7	10.6542	-0.0686453	0.345479	2.52067	0.0136373	0.0303901	0.410766	
17	37	7	10.7481	-0.100836	0.381462	2.91573	0.0164695	0.0399742	0.643079	
17	38	7	10.7825	-0.0438642	0.341722	2.0141	0.0187135	0.0397294	0.359808	
17	39	7	10.6479	-0.0656208	0.437127	1.59393	0.0214401	0.0465791	0.227916	
17	40	7	10.8065	2.03451	0.438665	2.29286	0.0118626	0.0463604	0.364536	
17	41	7	10.7473	-0.0852619	0.503881	2.15882	0.0130132	0.0463379	0.269308	
17	42	7	10.8168	-0.0829522	0.511819	2.16745	0.0122386	0.0559547	0.40032	
17	43	8	10.6447	-0.0850142	0.501825	2.06584	0.0106039	0.0362632	0.237674	
17	44	8	10.7622	-0.106368	0.454986	2.52189	0.0148853	0.0559825	0.570047	
17	45	8	10.7682	-0.0608508	0.398174	2.24563	0.0138384	0.0330669	0.40961	
17	46	9	10.9501	-0.0427737	0.483406	1.82507	0.0123566	0.0656604	0.311308	
17	47	6	10.8636	-0.0785265	0.493338	1.55273	0.0139536	0.0736489	0.28574	
18	0	-1	-1	-1	-1	-1	-1	-1	-1	
18	1	-1	-1	-1	-1	-1	-1	-1	-1	
18	2	-1	-1	-1	-1	-1	-1	-1	-1	
18	3	-1	-1	-1	-1	-1	-1	-1	-1	
18	4	-1	-1	-1	-1	-1	-1	-1	-1	
18	5	-1	-1	-1	-1	-1	-1	-1	-1	
18	6	-1	-1	-1	-1	-1	-1	-1	-1	
18	7	-1	-1	-1	-1	-1	-1	-1	-1	
18	8	-1	-1	-1	-1	-1	-1	-1	-1	
18	9	-1	-1	-1	-1	-1	-1	-1	-1	
18	10	-1	-1	-1	-1	-1	-1	-1	-1	
18	11	-1	-1	-1	-1	-1	-1	-1	-1	
18	12	-1	-1	-1	-1	-1	-1	-1	-1	
18	13	-1	-1	-1	-1	-1	-1	-1	-1	
18	14	-1	-1	-1	-1	-1	-1	-1	-1	
18	15	-1	-1	-1	-1	-1	-1	-1	-1	
18	16	-1	-1	-1	-1	-1	-1	-1	-1	
18	17	-1	-1	-1	-1	-1	-1	-1	-1	
18	18	-1	-1	-1	-1	-1	-1	-1	-1	
18	19	-1	-1	-1	-1	-1	-1	-1	-1	
18	20	-1	-1	-1	-1	-1	-1	-1	-1	
18	21	-1	-1	-1	-1	-1	-1	-1	-1	
18	22	-1	-1	-1	-1	-1	-1	-1	-1	
18	23	-1	-1	-1	-1	-1	-1	-1	-1	
18	24	-1	-1	-1	-1	-1	-1	-1	-1	
18	25	-1	-1	-1	-1	-1	-1	-1	-1	
18	26	-1	-1	-1	-1	-1	-1	-1	-1	
18	27	-1	-1	-1	-1	-1	-1	-1	-1	
18	28	-1	-1	-1	-1	-1	-1	-1	-1	
18	29	-1	-1	-1	-1	-1	-1	-1	-1	
18	30	-1	-1	-1	-1	-1	-1	-1	-1	
18	31	-1	-1	-1	-1	-1	-1	-1	-1	
18	32	-1	-1	-1	-1	-1	-1	-1	-1	
18	33	-1	-1	-1	-1	-1	-1	-1	-1	
18	34	-1	-1	-1	-1	-1	-1	-1	-1	
18	35	-1	-1	-1	-1	-1	-1	-1	-1	
18	36	-1	-1	-1	-1	-1	-1	-1	-1	
18	37	-1	-1	-1	-1	-1	-1	-1	-1	
18	38	-1	-1	-1	-1	-1	-1	-1	-1	
18	39	-1	-1	-1	-1	-1	-1	-1	-1	
18	40	-1	-1	-1	-1	-1	-1	-1	-1	
18	41	-1	-1	-1	-1	-1	-1	-1	-1	
18	42	-1	-1	-1	-1	-1	-1	-1	-1	
18	43	-1	-1	-1	-1	-1	-1	-1	-1	
18	44	-1	-1	-1	-1	-1	-1	-1	-1	
18	45	-1	-1	-1	-1	-1	-1	-1	-1	
18	46	-1	-1	-1	-1	-1	-1	-1	-1	
18	47	-1	-1	-1	-1	-1	-1	-1	-1	
19	0	3	11.2516	-0.126108	0.300956	1.57157	0.037126	0.0482057	0.581934	
19	1	5	11.4581	-0.0275663	0.324773	1.13781	0.0177907	0.0735208	0.359174	
19	2	5	11.1852	-0.0608504	0.328377	2.22616	0.0215519	0.0532775	0.642634	
19	3	6	10.8966	-0.0756523	0.353778	2.23933	0.021713	0.0278669	0.374703	
19	4	6	10.9975	-0.0671271	0.344526	1.94864	0.023456	0.029697	0.373595	
19	5	5	11.1863	-0.0977833	0.350328	1.94051	0.0228874	0.0524422	0.490321	
19	6	6	11.0363	-0.0596375	0.390616	1.57129	0.0138841	0.0448751	0.235659	
19	7	5	11.1681	-0.0809	0.357468	1.98216	0.0145808	0.0282067	0.337239	
19	8	5	11.2515	-0.0187888	0.38129	1.21758	0.0207032	0.0398533	0.22704	
19	9	5	11.1873	-0.0547209	0.345921	1.43579	0.00941265	0.0317919	0.183922	
19	10	5	11.2277	-0.0757015	0.284516	2.38289	0.0223249	0.0483875	0.751196	
19	11	6	11.2048	-0.0654738	0.393176	1.84094	0.0166592	0.0239528	0.294505	
19	12	6	11.1559	-0.0659937	0.429804	1.57207	0.0183822	0.0314675	0.273931	
19	13	5	11.2608	-0.0634013	0.360687	1.47836	0.0162045	0.0398286	0.240531	
19	14	6	11.2088	-0.0858789	0.364898	1.9115	0.012188	0.0347767	0.256107	
19	15	6	11.0363	-0.069352	0.262861	3.45329	0.0174034	0.0287433	1.69947	
19	16	6	11.0401	124875	-124875	-8.82265e+06	0.17804	0.178041	302512	
19	17	6	10.9942	-0.086091	0.313612	2.42102	0.0103832	0.0420578	0.557197	
19	18	6	10.6734	-0.0544641	0.261311	1.86194	0.0164318	0.0283351	0.361363	
19	19	5	10.9299	-0.101876	0.298688	2.57268	0.0194733	0.0339287	0.652258	
19	20	5	10.9288	-0.0609399	0.32265	1.78486	0.01948	0.0402983	0.431049	
19	21	6	10.9386	-0.125606	0.46006	2.39926	0.0180792	0.0526484	0.567354	
19	22	6	10.7786	-0.0793763	0.332122	1.88099	0.0146522	0.0285266	0.302962	
19	23	6	10.6764	-0.103718	0.454536	1.82258	0.0112161	0.0433153	0.22104	
19	24	6	10.5876	-0.0507358	0.305998	1.55464	0.0113579	0.0267336	0.305436	
19	25	6	10.794	-0.0759841	0.358413	2.29865	0.0224997	0.0377714	0.495037	
19	26	6	10.7848	-0.078486	0.364992	2.40446	0.0165922	0.0467216	0.614895	
19	27	6	10.6545	-0.0795192	0.38624	2.46541	0.0093557	0.0241283	0.298364	
19	28	6	10.7619	-0.079654	0.353623	2.03236	0.0140928	0.0387485	0.39955	
19	29	6	10.907	-0.0616438	0.387714	1.85946	0.0173312	0.0391674	0.366892	
19	30	6	10.7284	-0.0609945	0.397244	1.66822	0.01827	0.0514097	0.31064	
19	31	6	10.7566	-0.080503	0.376915	1.80569	0.0157043	0.0364575	0.290015	
19	32	6	10.735	-0.0516573	0.387417	1.64761	0.0158544	0.06897	0.379256	
19	33	6	10.9614	-0.0516168	0.312706	1.96839	0.0169158	0.0263652	0.459383	
19	34	6	10.7915	-0.0304783	0.384271	1.45094	0.0235569	0.0559177	0.327367	
19	35	6	10.9005	-0.0805609	0.35229	1.59589	0.013958	0.0334221	0.260996	
19	36	6	11.0986	-0.0745404	0.293847	1.95042	0.0191628	0.0289478	0.445617	
19	37	6	11.0053	-0.100415	0.334549	2.61955	0.0200644	0.0259365	0.642366	
19	38	6	10.9557	-0.0581775	0.344639	1.35993	0.018355	0.0438798	0.262296	
19	39	6	10.765	-0.110507	0.28569	1.59189	0.0129645	0.0309912	0.279497	
19	40	7	10.9377	-0.069303	0.430329	2.00251	0.013621	0.0457498	0.33572	
19	41	7	10.8159	-0.0638494	0.368597	2.34576	0.0202986	0.0516262	0.622541	
19	42	6	10.8828	-0.0774964	0.358999	2.57346	0.0112841	0.0504822	0.582343	
19	43	6	10.9741	-0.0927983	0.362145	2.18872	0.0125744	0.0402359	0.461543	
19	44	7	10.681	-0.0705263	0.43528	1.54808	0.0101275	0.0469219	0.199517	
19	45	7	10.7837	-0.172157	0.393757	4.98969	0.0218629	0.0345669	0.970777	
19	46	7	10.7067	-0.0586379	0.463458	1.79812	0.0126245	0.0407644	0.267266	
19	47	5	10.7686	-0.0589462	0.39755	2.42426	0.0126432	0.0214853	0.526173	
