Plane	Strip	Shift
=====================================================
0	0	0.0125
0	1	-0.0875
0	2	-0.1125
0	3	0.1375
0	4	0.0875
0	5	-0.0375
0	6	-0.0625
0	7	0.0125
0	8	-0.1375
0	9	0.0875
0	10	-0.0375
0	11	-0.0125
0	12	-0.0375
0	13	0.2125
0	14	0.0375
0	15	0.0125
0	16	0.0125
0	17	0.0125
0	18	-0.2125
0	19	-0.1375
0	20	-0.3125
0	21	-0.1375
0	22	-0.1125
0	23	0.1625
0	24	-0.1875
0	25	-0.5125
0	26	-0.3125
0	27	-0.1125
0	28	-0.5375
0	29	-0.3875
0	30	-0.6875
0	31	-0.4125
0	32	-0.7375
0	33	-0.2625
0	34	-0.5625
0	35	-0.5125
0	36	-0.6125
0	37	-0.3625
0	38	-0.6125
0	39	-0.5375
0	40	-0.5125
0	41	-0.5125
0	42	-0.5125
0	43	-0.4625
0	44	-0.6875
0	45	-0.3125
0	46	-0.2875
0	47	-0.4125
1	0	-0.2375
1	1	-0.3125
1	2	-0.2625
1	3	-0.0875
1	4	-0.1625
1	5	-0.0375
1	6	-0.2125
1	7	-0.1375
1	8	-0.0125
1	9	-0.0375
1	10	-0.3125
1	11	0.0375
1	12	-0.2375
1	13	0.0125
1	14	-0.1375
1	15	0.1125
1	16	0.0375
1	17	0.2625
1	18	-0.1875
1	19	0.0875
1	20	-0.0625
1	21	-0.0875
1	22	-0.0625
1	23	-0.1125
1	24	-0.1875
1	25	-0.2875
1	26	-0.1875
1	27	0.0875
1	28	-0.2375
1	29	-0.1375
1	30	-0.2375
1	31	-0.1625
1	32	-0.3625
1	33	-0.1875
1	34	-0.3125
1	35	-0.0375
1	36	-0.1375
1	37	-0.0125
1	38	-0.1375
1	39	0.0125
1	40	-0.2125
1	41	-0.0625
1	42	-0.2375
1	43	-0.1875
1	44	-0.4625
1	45	-0.1625
1	46	-0.1625
1	47	-0.2125
2	0	-4.5125
2	1	-4.5625
2	2	-4.6625
2	3	-4.3625
2	4	-4.5125
2	5	-4.5625
2	6	-4.8375
2	7	-4.6125
2	8	-4.9625
2	9	-4.4375
2	10	-4.7625
2	11	-4.6125
2	12	-4.6125
2	13	-4.5125
2	14	-4.7375
2	15	-4.5875
2	16	-4.7625
2	17	-4.5625
2	18	-4.6125
2	19	-4.6125
2	20	-4.8125
2	21	-4.5125
2	22	-4.5875
2	23	-4.6375
2	24	-4.0125
2	25	-4.1125
2	26	-3.9875
2	27	-3.9375
2	28	-4.0875
2	29	-3.9125
2	30	-4.2625
2	31	-4.1125
2	32	-4.2875
2	33	-4.1125
2	34	-4.2875
2	35	-4.1625
2	36	-4.2875
2	37	-3.9625
2	38	-4.1625
2	39	-4.0625
2	40	-4.1375
2	41	-4.0125
2	42	-4.2625
2	43	-4.0875
2	44	-4.3875
2	45	-4.1125
2	46	-4.0125
2	47	-4.0625
3	0	-13.0375
3	1	-13.0625
3	2	-13.3625
3	3	-12.8375
3	4	-12.9875
3	5	-13.1125
3	6	-13.3375
3	7	-13.0875
3	8	-13.4625
3	9	-12.9875
3	10	-13.3625
3	11	-13.3625
3	12	-13.4875
3	13	-13.0375
3	14	-13.0125
3	15	-13.2125
3	16	-13.1625
3	17	-12.8875
3	18	-13.3125
3	19	-13.0125
3	20	-13.1875
3	21	-13.2375
3	22	-13.1875
3	23	-13.0375
3	24	-13.1375
3	25	-13.2875
3	26	-13.2375
3	27	-13.0375
3	28	-13.2625
3	29	-13.0375
3	30	-13.4125
3	31	-13.2375
3	32	-13.2625
3	33	-13.2125
3	34	-13.4625
3	35	-13.2875
3	36	-13.4125
3	37	-13.0875
3	38	-13.2375
3	39	-13.1875
3	40	-13.3875
3	41	-13.2625
3	42	-13.2125
3	43	-13.0625
3	44	-13.5625
3	45	-13.1125
3	46	-13.2875
3	47	-13.4375
4	0	-12.8625
4	1	-12.9625
4	2	-12.9875
4	3	-12.8125
4	4	-12.9875
4	5	-12.9125
4	6	-13.0875
4	7	-12.8375
4	8	-13.1625
4	9	-13.0125
4	10	-13.2125
4	11	-12.9375
4	12	-13.2375
4	13	-12.8125
4	14	-12.9375
4	15	-12.9375
4	16	-12.9125
4	17	-12.5875
4	18	-12.9625
4	19	-12.7375
4	20	-12.9125
4	21	-12.7875
4	22	-12.6625
4	23	-12.7125
4	24	-13.1625
4	25	-13.1875
4	26	-13.2375
4	27	-12.9625
4	28	-13.2125
4	29	-12.9875
4	30	-13.2875
4	31	-13.1875
4	32	-13.1375
4	33	-13.0875
4	34	-13.2625
4	35	-12.9875
4	36	-13.2125
4	37	-12.9125
4	38	-13.1125
4	39	-12.8875
4	40	-12.9625
4	41	-12.7375
4	42	-13.0375
4	43	-12.9625
4	44	-13.1125
4	45	-12.8875
4	46	-13.0625
4	47	-12.8625
5	0	0.0375
5	1	0.1125
5	2	0.1875
5	3	-0.2375
5	4	0.0625
5	5	0.0625
5	6	-0.0125
5	7	0.0125
5	8	0.0875
5	9	-0.0125
5	10	0.1625
5	11	-0.1625
5	12	0.1875
5	13	-0.0875
5	14	0.0875
5	15	-0.2375
5	16	-0.0625
5	17	-0.2125
5	18	0.0875
5	19	-0.0125
5	20	0.0125
5	21	0.0625
5	22	-0.0125
5	23	0.0125
5	24	-0.0125
5	25	0.0875
5	26	0.1125
5	27	-0.2125
5	28	0.0125
5	29	-0.0625
5	30	0.2375
5	31	-0.0125
5	32	0.1875
5	33	0.0125
5	34	0.1875
5	35	0.0125
5	36	0.0875
5	37	-0.1375
5	38	-0.0375
5	39	-0.1375
5	40	0.0875
5	41	-0.0625
5	42	0.1375
5	43	0.0625
5	44	0.3125
5	45	0.1875
5	46	-0.0125
5	47	0.1375
6	0	-0.0375
6	1	-0.0375
6	2	0.1375
6	3	-0.2625
6	4	-0.1125
6	5	-0.0375
6	6	0.0375
6	7	-0.1625
6	8	0.1125
6	9	0.0375
6	10	0.0625
6	11	0.0375
6	12	0.1625
6	13	-0.0875
6	14	0.0125
6	15	-0.1625
6	16	-0.2125
6	17	-0.3875
6	18	0.0375
6	19	-0.1375
6	20	-0.0125
6	21	-0.0625
6	22	-0.1625
6	23	-0.1375
6	24	0.1125
6	25	0.1625
6	26	-0.0875
6	27	0.0125
6	28	0.2125
6	29	-0.1125
6	30	0.2875
6	31	0.1375
6	32	0.0625
6	33	-0.0125
6	34	0.0875
6	35	-0.1125
6	36	0.0875
6	37	-0.1875
6	38	0.2875
6	39	0.0125
6	40	0.2625
6	41	0.2375
6	42	0.0375
6	43	0.0625
6	44	0.3375
6	45	-0.0625
6	46	-0.0375
6	47	0.0875
7	0	-4.2375
7	1	-4.0875
7	2	-4.3875
7	3	-4.4625
7	4	-4.2125
7	5	-4.4875
7	6	-4.0625
7	7	-4.3125
7	8	-4.2375
7	9	-4.1875
7	10	-4.1125
7	11	-4.5125
7	12	-4.3875
7	13	-4.2875
7	14	-4.2125
7	15	-4.5375
7	16	-4.0625
7	17	-4.3125
7	18	-4.1375
7	19	-4.1375
7	20	-3.8875
7	21	-4.3375
7	22	-4.1125
7	23	-4.1125
7	24	-4.0375
7	25	-3.9625
7	26	-4.0125
7	27	-4.3125
7	28	-4.0375
7	29	-4.1125
7	30	-4.0375
7	31	-4.1375
7	32	-3.8375
7	33	-3.9875
7	34	-3.7375
7	35	-4.0875
7	36	-3.9875
7	37	-4.3875
7	38	-4.0375
7	39	-4.1125
7	40	-4.0375
7	41	-4.2625
7	42	-3.8625
7	43	-4.1375
7	44	-3.7625
7	45	-3.9375
7	46	-4.1375
7	47	-4.0875
8	0	-12.7875
8	1	-12.9375
8	2	-12.7625
8	3	-13.0625
8	4	-12.9375
8	5	-12.8875
8	6	-12.8625
8	7	-12.9625
8	8	-12.8375
8	9	-12.9625
8	10	-12.7875
8	11	-12.9375
8	12	-12.8375
8	13	-12.9375
8	14	-12.7375
8	15	-13.0625
8	16	-12.7625
8	17	-12.9375
8	18	-12.7625
8	19	-12.8375
8	20	-12.6375
8	21	-12.9625
8	22	-12.7625
8	23	-12.7375
8	24	-12.9125
8	25	-12.9125
8	26	-12.9625
8	27	-13.1625
8	28	-13.0125
8	29	-13.0375
8	30	-12.8125
8	31	-13.0375
8	32	-12.9625
8	33	48.1875
8	34	-12.9625
8	35	-13.0125
8	36	-12.9875
8	37	-13.0875
8	38	-13.0375
8	39	-13.1625
8	40	48.1875
8	41	48.1875
8	42	48.1875
8	43	48.1875
8	44	48.1875
8	45	48.1875
8	46	48.1875
8	47	48.1875
9	0	-12.9125
9	1	-12.9875
9	2	-13.2375
9	3	-13.2625
9	4	-13.0375
9	5	-13.3875
9	6	-12.9125
9	7	-13.1375
9	8	-13.1875
9	9	-12.9625
9	10	-12.8375
9	11	-13.3875
9	12	-13.1625
9	13	-12.9875
9	14	-12.9125
9	15	-13.3625
9	16	-12.9375
9	17	-13.0875
9	18	-13.1625
9	19	-12.9125
9	20	-12.7875
9	21	-13.2125
9	22	-12.8625
9	23	-13.0125
9	24	-12.7625
9	25	-12.9125
9	26	-12.9125
9	27	-12.9875
9	28	-12.8375
9	29	-13.0375
9	30	-12.8125
9	31	-12.9125
9	32	-12.8625
9	33	-12.9875
9	34	-11.8875
9	35	-13.1125
9	36	48.1875
9	37	-12.9625
9	38	-12.9125
9	39	-13.1125
9	40	-12.8625
9	41	-12.9125
9	42	-12.7875
9	43	-12.7625
9	44	-12.7375
9	45	-12.9875
9	46	-12.8625
9	47	-12.8625
10	0	-0.4375
10	1	-0.2375
10	2	-0.4125
10	3	-0.3125
10	4	-0.1875
10	5	-0.4625
10	6	-0.2625
10	7	-0.2125
10	8	-0.1125
10	9	-0.1875
10	10	-0.1625
10	11	-0.2875
10	12	-0.2875
10	13	0.0375
10	14	-0.1125
10	15	-0.3625
10	16	-0.1625
10	17	-0.1875
10	18	-0.4375
10	19	-0.2875
10	20	0.0375
10	21	-0.2375
10	22	-0.3625
10	23	-0.4125
10	24	-0.0625
10	25	0.1125
10	26	-0.0125
10	27	-0.4375
10	28	-0.2625
10	29	-0.2875
10	30	-0.2625
10	31	-0.3375
10	32	-0.0125
10	33	0.0375
10	34	0.0625
10	35	0.0875
10	36	0.0375
10	37	-0.2125
10	38	-0.1625
10	39	-0.2375
10	40	-0.3625
10	41	-0.5875
10	42	-0.1125
10	43	-0.4125
10	44	-0.2875
10	45	0.0125
10	46	-0.3375
10	47	-0.2125
11	0	0.0625
11	1	0.2625
11	2	0.1375
11	3	-0.2375
11	4	-0.0125
11	5	-0.1375
11	6	-0.0125
11	7	-0.2125
11	8	-0.0625
11	9	0.1625
11	10	0.0875
11	11	0.1125
11	12	0.1875
11	13	-0.0625
11	14	-0.0125
11	15	-0.3375
11	16	-0.1625
11	17	-0.2125
11	18	0.1125
11	19	-0.2125
11	20	0.1375
11	21	0.1625
11	22	-0.0875
11	23	0.0875
11	24	-0.2125
11	25	0.0125
11	26	-0.1125
11	27	-0.1625
11	28	-0.0375
11	29	-0.2125
11	30	0.1125
11	31	0.0375
11	32	0.2375
11	33	0.0375
11	34	0.0875
11	35	0.0875
11	36	0.0375
11	37	0.1375
11	38	0.0375
11	39	-0.0125
11	40	0.1875
11	41	-0.0125
11	42	-0.0125
11	43	-0.0125
11	44	0.1875
11	45	-0.1375
11	46	-0.1375
11	47	-0.0375
12	0	-4.0875
12	1	-3.8875
12	2	-3.9625
12	3	-4.2375
12	4	-4.1375
12	5	-4.0625
12	6	-3.9875
12	7	-4.1875
12	8	-3.8875
12	9	-5.0875
12	10	-4.0875
12	11	-3.9875
12	12	-4.0125
12	13	-4.0625
12	14	-4.1625
12	15	-4.1375
12	16	-4.0375
12	17	-4.1625
12	18	-3.9125
12	19	-4.0625
12	20	-3.8125
12	21	-4.0375
12	22	-4.1375
12	23	-4.0875
12	24	-4.5625
12	25	-4.3875
12	26	-4.4875
12	27	-4.8375
12	28	-4.5625
12	29	-4.6625
12	30	-4.5375
12	31	-4.7375
12	32	-4.4375
12	33	-4.5875
12	34	-4.6625
12	35	-4.4875
12	36	-4.5125
12	37	-4.7125
12	38	-4.7125
12	39	-4.8375
12	40	-4.2875
12	41	-4.7625
12	42	-4.4125
12	43	-4.6125
12	44	-4.4375
12	45	-4.4375
12	46	-4.7625
12	47	-4.5875
13	0	-13.3875
13	1	-13.3625
13	2	-13.6125
13	3	-13.5875
13	4	-13.4875
13	5	-13.6625
13	6	-13.2625
13	7	-13.5375
13	8	-13.2625
13	9	-13.2625
13	10	-13.3125
13	11	-13.4875
13	12	-13.4875
13	13	-13.3375
13	14	-13.3375
13	15	-13.5375
13	16	-13.2625
13	17	-13.4875
13	18	-13.3875
13	19	-13.3625
13	20	-13.1125
13	21	-13.4375
13	22	-13.5125
13	23	-13.4125
13	24	-13.0375
13	25	-12.9625
13	26	-13.1375
13	27	-13.1125
13	28	-12.8875
13	29	-13.2375
13	30	-12.8125
13	31	-12.9375
13	32	-13.0125
13	33	-13.0125
13	34	-13.0125
13	35	-13.1875
13	36	-13.1875
13	37	-13.3125
13	38	-13.2875
13	39	-13.3625
13	40	-13.0375
13	41	-13.2875
13	42	-13.0875
13	43	-13.1125
13	44	-12.9625
13	45	-13.2125
13	46	-13.3625
13	47	-13.2125
14	0	-13.2875
14	1	-13.0625
14	2	-13.1875
14	3	-13.3375
14	4	-13.1875
14	5	-13.2625
14	6	-12.9875
14	7	-13.1875
14	8	-12.9875
14	9	-13.1625
14	10	-13.1875
14	11	-13.1375
14	12	-13.1625
14	13	-13.2625
14	14	-13.2625
14	15	-13.2625
14	16	-13.0875
14	17	-13.3125
14	18	-13.0125
14	19	-13.3125
14	20	-13.0125
14	21	-13.0875
14	22	-13.3625
14	23	-13.1875
14	24	-13.2375
14	25	-13.0375
14	26	-13.1625
14	27	-13.3875
14	28	-13.1125
14	29	-13.2375
14	30	-13.0625
14	31	-13.2625
14	32	-12.8875
14	33	-13.0125
14	34	-13.0625
14	35	-12.9875
14	36	-12.9875
14	37	-12.9375
14	38	-12.9875
14	39	-13.3125
14	40	-12.8625
14	41	-12.9875
14	42	-12.8875
14	43	-13.0375
14	44	-12.8125
14	45	-13.0375
14	46	-13.1625
14	47	-12.9375
15	0	0.7625
15	1	2.5125
15	2	48.1875
15	3	8.9125
15	4	-6.6875
15	5	4.4375
15	6	2.0875
15	7	3.9875
15	8	-7.9875
15	9	-10.2625
15	10	-9.2875
15	11	48.1875
15	12	4.4625
15	13	-10.4125
15	14	11.4875
15	15	0.3375
15	16	-0.7875
15	17	-0.5125
15	18	-5.0125
15	19	4.5625
15	20	4.0625
15	21	14.3875
15	22	13.3125
15	23	11.4875
15	24	14.0375
15	25	-10.8625
15	26	4.6125
15	27	-4.3625
15	28	4.6375
15	29	5.1125
15	30	-10.4375
15	31	3.7375
15	32	-6.9125
15	33	-7.4875
15	34	-8.1875
15	35	-10.4375
15	36	9.0375
15	37	14.5375
15	38	-7.9625
15	39	-9.4375
15	40	-0.2625
15	41	-11.5125
15	42	-4.1875
15	43	-38.8375
15	44	-6.4625
15	45	7.3875
15	46	7.9875
15	47	2.6375
16	0	-0.4125
16	1	-0.4625
16	2	-0.2125
16	3	0.0375
16	4	-0.2125
16	5	0.1875
16	6	-0.2375
16	7	48.1875
16	8	-0.1375
16	9	48.1875
16	10	-0.3375
16	11	-0.1375
16	12	-0.0375
16	13	-0.0125
16	14	0.0375
16	15	0.2625
16	16	0.0125
16	17	0.3375
16	18	-0.2375
16	19	0.1875
16	20	-0.1875
16	21	-0.3125
16	22	-0.0375
16	23	-0.2625
16	24	-0.2125
16	25	-0.3125
16	26	-0.0625
16	27	0.0125
16	28	-0.1625
16	29	0.0125
16	30	-0.2375
16	31	-0.0625
16	32	-0.0625
16	33	-0.2125
16	34	-0.0875
16	35	-0.1125
16	36	0.0625
16	37	0.1375
16	38	0.1625
16	39	0.1875
16	40	-0.1875
16	41	0.0125
16	42	-0.1875
16	43	-0.1625
16	44	-0.3375
16	45	-0.1625
16	46	0.0125
16	47	-0.1125
17	0	-4.3875
17	1	-4.4125
17	2	-4.3875
17	3	-4.2375
17	4	-4.4125
17	5	-4.1875
17	6	-4.3625
17	7	-4.1625
17	8	-4.3375
17	9	-4.3125
17	10	-4.3125
17	11	-4.2875
17	12	-4.2875
17	13	-4.4625
17	14	-4.5125
17	15	-4.1625
17	16	-4.6875
17	17	-4.5625
17	18	-4.5625
17	19	-4.5875
17	20	-4.7625
17	21	-4.7125
17	22	-4.5375
17	23	-4.7875
17	24	-3.9875
17	25	-4.2125
17	26	-4.0625
17	27	-3.9625
17	28	-4.1375
17	29	-4.0625
17	30	-4.3625
17	31	-4.1125
17	32	-4.3375
17	33	-4.1125
17	34	-4.2125
17	35	-4.1875
17	36	-4.1375
17	37	-3.8125
17	38	-3.7625
17	39	-4.1375
17	40	-3.9625
17	41	-3.8875
17	42	-4.2875
17	43	-3.9625
17	44	-4.0625
17	45	-4.1375
17	46	-3.7625
17	47	-3.9375
18	0	-12.9125
18	1	-13.1625
18	2	-12.8625
18	3	-12.7875
18	4	-12.9875
18	5	-8.4625
18	6	-13.1125
18	7	-12.7125
18	8	-12.6625
18	9	-12.9125
18	10	-12.9625
18	11	-12.5375
18	12	-12.7125
18	13	-12.8625
18	14	-12.7875
18	15	-12.7125
18	16	-13.4125
18	17	-13.7375
18	18	-18.0375
18	19	-12.9375
18	20	-12.7375
18	21	0.5125
18	22	-11.9375
18	23	-0.4875
18	24	-12.3875
18	25	-12.6375
18	26	33.3375
18	27	-4.3625
18	28	-1.6375
18	29	-7.3375
18	30	-8.3875
18	31	-1.2875
18	32	-0.8625
18	33	-1.9875
18	34	-23.4625
18	35	-2.9875
18	36	-24.0625
18	37	-4.6625
18	38	-23.7125
18	39	-12.5375
18	40	-13.5375
18	41	-13.6875
18	42	-17.6875
18	43	-1.7875
18	44	17.4625
18	45	-12.7875
18	46	-12.6625
18	47	-12.9625
19	0	-12.7625
19	1	-12.9125
19	2	-12.7375
19	3	-12.5625
19	4	-12.8125
19	5	-12.6125
19	6	-12.9125
19	7	-12.6875
19	8	-13.0875
19	9	-12.9625
19	10	-12.8875
19	11	-12.8875
19	12	-12.6875
19	13	-12.9125
19	14	-12.8875
19	15	-12.5875
19	16	-13.0625
19	17	-12.8125
19	18	-13.0375
19	19	-12.9625
19	20	-13.2375
19	21	-12.7625
19	22	-12.8375
19	23	-12.9375
19	24	-13.0125
19	25	-13.2125
19	26	-12.9125
19	27	-12.9375
19	28	-13.0875
19	29	-12.7875
19	30	-13.1875
19	31	-12.9625
19	32	-13.1125
19	33	-13.2625
19	34	-13.1875
19	35	-13.1875
19	36	-13.0625
19	37	-13.1125
19	38	-13.0375
19	39	-12.8875
19	40	-13.2125
19	41	-12.9375
19	42	-13.1375
19	43	-13.0875
19	44	-13.2625
19	45	-13.0125
19	46	-12.8375
19	47	-13.0625
