Plane	Strip	Shift	Resolution
=====================================================
0	0	275.613	0.17922
0	1	275.357	0.173657
0	2	275.276	0.183521
0	3	275.506	0.173289
0	4	275.405	0.170364
0	5	275.372	0.189873
0	6	275.408	0.176139
0	7	275.453	0.17882
0	8	275.353	0.160983
0	9	275.355	0.182758
0	10	275.29	0.178474
0	11	275.267	0.165186
0	12	275.248	0.179575
0	13	275.295	0.163805
0	14	275.28	0.176943
0	15	275.479	0.16812
0	16	275.479	0.175366
0	17	275.511	0.177726
0	18	275.291	0.15843
0	19	275.333	0.165194
0	20	275.406	0.184921
0	21	275.344	0.153014
0	22	275.44	0.174487
0	23	275.567	0.138865
0	24	275.505	0.167202
0	25	275.25	0.152569
0	26	275.305	0.159654
0	27	275.434	0.173403
0	28	275.181	0.162786
0	29	275.292	0.170046
0	30	275.214	0.163162
0	31	275.374	0.173607
0	32	275.119	0.156757
0	33	275.296	0.173128
0	34	275.131	0.182182
0	35	275.106	0.165118
0	36	274.993	0.142839
0	37	275.172	0.156737
0	38	275.122	0.17194
0	39	275.23	0.177168
0	40	275.411	0.257914
0	41	275.229	0.167181
0	42	275.207	0.165912
0	43	275.335	0.198917
0	44	275.228	0.185515
0	45	275.303	0.177398
0	46	275.496	0.177132
0	47	275.607	0.198111
1	0	275.68	0.190024
1	1	275.576	0.182136
1	2	275.643	0.186368
1	3	275.624	0.176481
1	4	275.576	0.171799
1	5	275.781	0.189261
1	6	275.575	0.157289
1	7	275.523	0.15222
1	8	275.682	0.17323
1	9	275.468	0.161858
1	10	275.277	0.153481
1	11	275.564	0.159759
1	12	275.477	0.14466
1	13	275.56	0.158751
1	14	275.586	0.174574
1	15	275.818	0.166337
1	16	275.832	0.167398
1	17	276.007	0.179773
1	18	275.695	0.165593
1	19	275.768	0.163848
1	20	275.713	0.176058
1	21	275.764	0.176187
1	22	275.837	0.155195
1	23	275.886	0.164046
1	24	275.917	0.159206
1	25	275.828	0.15468
1	26	275.711	0.153116
1	27	275.918	0.150342
1	28	275.698	0.144751
1	29	275.802	0.165417
1	30	275.794	0.159331
1	31	275.889	0.158454
1	32	275.821	0.152541
1	33	275.671	0.160967
1	34	275.615	0.147612
1	35	275.761	0.160193
1	36	275.73	0.141109
1	37	275.654	0.15676
1	38	275.669	0.155354
1	39	275.986	0.174009
1	40	275.803	0.163285
1	41	275.963	0.175625
1	42	275.835	0.155707
1	43	275.779	0.137029
1	44	275.717	0.144107
1	45	275.882	0.172209
1	46	275.887	0.169942
1	47	276.115	0.261216
2	0	271.784	0.19445
2	1	271.609	0.186837
2	2	271.48	0.171255
2	3	271.656	0.164713
2	4	271.504	0.167691
2	5	271.539	0.157256
2	6	271.484	0.168017
2	7	271.593	0.168227
2	8	271.358	0.17411
2	9	271.489	0.157952
2	10	271.304	0.160023
2	11	271.374	0.160474
2	12	271.342	0.169973
2	13	271.346	0.166932
2	14	271.318	0.160854
2	15	271.52	0.159702
2	16	271.427	0.161173
2	17	271.499	0.149472
2	18	271.44	0.162844
2	19	271.48	0.170774
2	20	271.351	0.163857
2	21	271.442	0.147284
2	22	271.576	0.169857
2	23	271.571	0.159973
2	24	272.067	0.158685
2	25	271.95	0.146883
2	26	271.829	0.152828
2	27	271.983	0.160272
2	28	271.892	0.157037
2	29	271.944	0.151252
2	30	271.837	0.160681
2	31	271.978	0.156665
2	32	271.75	0.154796
2	33	271.782	0.160441
2	34	271.627	0.140401
2	35	271.639	0.152822
2	36	271.605	0.163658
2	37	271.797	0.140239
2	38	271.797	0.142931
2	39	271.912	0.153632
2	40	271.926	0.169591
2	41	272.013	0.138413
2	42	271.729	0.147145
2	43	271.964	0.162058
2	44	271.886	0.160407
2	45	271.785	0.1601
2	46	272.106	0.167496
2	47	272.385	0.306682
3	0	-1	-1
3	1	-1	-1
3	2	-1	-1
3	3	-1	-1
3	4	-1	-1
3	5	-1	-1
3	6	-1	-1
3	7	-1	-1
3	8	-1	-1
3	9	-1	-1
3	10	-1	-1
3	11	-1	-1
3	12	-1	-1
3	13	-1	-1
3	14	-1	-1
3	15	-1	-1
3	16	-1	-1
3	17	-1	-1
3	18	-1	-1
3	19	-1	-1
3	20	-1	-1
3	21	-1	-1
3	22	-1	-1
3	23	-1	-1
3	24	-1	-1
3	25	-1	-1
3	26	-1	-1
3	27	-1	-1
3	28	-1	-1
3	29	-1	-1
3	30	-1	-1
3	31	-1	-1
3	32	-1	-1
3	33	-1	-1
3	34	-1	-1
3	35	-1	-1
3	36	-1	-1
3	37	-1	-1
3	38	-1	-1
3	39	274.665	0.171573
3	40	-1	-1
3	41	-1	-1
3	42	-1	-1
3	43	-1	-1
3	44	-1	-1
3	45	-1	-1
3	46	-1	-1
3	47	-1	-1
4	0	272.667	0.197733
4	1	272.486	0.176512
4	2	272.445	0.240954
4	3	272.492	0.167454
4	4	272.359	0.164921
4	5	272.458	0.171612
4	6	272.4	0.152075
4	7	272.563	0.163015
4	8	272.376	0.180895
4	9	272.322	0.161933
4	10	272.228	0.167931
4	11	272.4	0.176179
4	12	272.209	0.160523
4	13	272.44	0.166396
4	14	272.497	0.172303
4	15	272.44	0.161311
4	16	272.485	0.165828
4	17	272.817	0.252115
4	18	272.421	0.158358
4	19	272.625	0.155491
4	20	272.477	0.15513
4	21	272.486	0.156664
4	22	272.771	0.155809
4	23	272.799	0.160087
4	24	272.873	0.1573
4	25	272.909	0.176613
4	26	272.65	0.161674
4	27	272.868	0.14983
4	28	272.706	0.155584
4	29	272.842	0.181612
4	30	272.778	0.19299
4	31	272.84	0.176089
4	32	272.783	0.172242
4	33	272.788	0.157234
4	34	272.659	0.170837
4	35	272.746	0.168898
4	36	272.631	0.171383
4	37	272.689	0.151963
4	38	272.724	0.141825
4	39	272.897	0.169672
4	40	272.863	0.163857
4	41	273.014	0.166904
4	42	272.809	0.160038
4	43	272.808	0.170445
4	44	272.823	0.159441
4	45	272.899	0.158335
4	46	272.942	0.180509
4	47	273.073	0.175084
5	0	276.064	0.190205
5	1	276.007	0.18262
5	2	275.921	0.187335
5	3	275.779	0.190364
5	4	275.96	0.186953
5	5	275.868	0.172867
5	6	275.946	0.182514
5	7	275.875	0.189671
5	8	275.861	0.183121
5	9	275.775	0.184818
5	10	275.768	0.179571
5	11	275.591	0.191908
5	12	275.835	0.195842
5	13	275.668	0.185338
5	14	275.782	0.191717
5	15	275.672	0.18276
5	16	275.845	0.197798
5	17	275.784	0.203088
5	18	275.852	0.196196
5	19	275.772	0.190311
5	20	275.849	0.194686
5	21	275.824	0.194114
5	22	275.911	0.188762
5	23	275.939	0.179844
5	24	275.96	0.202214
5	25	275.932	0.187131
5	26	275.925	0.202781
5	27	275.794	0.198464
5	28	275.779	0.170081
5	29	275.865	0.18625
5	30	276.001	0.18459
5	31	275.857	0.178546
5	32	276.026	0.171668
5	33	275.725	0.179317
5	34	275.725	0.193325
5	35	275.74	0.18485
5	36	275.786	0.183727
5	37	275.534	0.17888
5	38	275.675	0.176878
5	39	275.88	0.18953
5	40	275.86	0.185404
5	41	275.802	0.164326
5	42	275.894	0.175432
5	43	275.832	0.180835
5	44	275.953	0.175209
5	45	276.813	0.0405415
5	46	275.843	0.191623
5	47	275.905	0.163346
6	0	275.852	0.176571
6	1	275.704	0.173319
6	2	275.632	0.173883
6	3	275.548	0.187918
6	4	275.619	0.193063
6	5	275.598	0.184791
6	6	275.699	0.173984
6	7	275.574	0.175143
6	8	275.58	0.17149
6	9	275.458	0.18533
6	10	275.413	0.191519
6	11	275.396	0.17387
6	12	275.517	0.185622
6	13	275.361	0.181389
6	14	275.606	0.179437
6	15	275.469	0.173951
6	16	275.57	0.19011
6	17	275.523	0.198517
6	18	275.497	0.189637
6	19	275.502	0.187673
6	20	275.625	0.182302
6	21	275.501	0.187462
6	22	275.616	0.197921
6	23	275.707	0.180485
6	24	276.033	0.183742
6	25	276.029	0.183326
6	26	275.719	0.182324
6	27	275.806	0.171023
6	28	278.683	0.0317162
6	29	275.662	0.172813
6	30	276.027	0.176628
6	31	275.939	0.187113
6	32	275.814	0.187459
6	33	275.745	0.169528
6	34	275.727	0.171448
6	35	275.621	0.179515
6	36	275.67	0.181336
6	37	275.599	0.18383
6	38	275.872	0.164998
6	39	275.783	0.183618
6	40	275.982	0.177676
6	41	276.021	0.175951
6	42	275.8	0.182529
6	43	275.918	0.174083
6	44	276.104	0.180194
6	45	275.793	0.174759
6	46	275.936	0.175698
6	47	276.139	0.194684
7	0	271.203	0.190977
7	1	271.163	0.185149
7	2	270.807	0.187751
7	3	270.885	0.187474
7	4	270.979	0.182423
7	5	270.734	0.185822
7	6	271.163	0.189333
7	7	270.936	0.180763
7	8	270.838	0.177185
7	9	270.886	0.192952
7	10	270.868	0.18772
7	11	270.546	0.17859
7	12	270.521	0.163313
7	13	270.737	0.170563
7	14	270.803	0.18726
7	15	270.668	0.173296
7	16	271.036	0.168503
7	17	270.895	0.187071
7	18	270.904	0.180914
7	19	270.917	0.189719
7	20	271.086	0.181629
7	21	270.748	0.178372
7	22	271.074	0.202009
7	23	271.083	0.188451
7	24	271.137	0.168663
7	25	271.134	0.182928
7	26	271.002	0.186141
7	27	270.911	0.173987
7	28	271.047	0.182176
7	29	270.963	0.186402
7	30	271.037	0.187905
7	31	271.023	0.185705
7	32	271.167	0.186124
7	33	270.991	0.190107
7	34	271.057	0.188115
7	35	270.859	0.17937
7	36	270.976	0.179575
7	37	270.793	0.196959
7	38	271.13	0.188152
7	39	271.068	0.182682
7	40	271.232	0.169537
7	41	271.068	0.179055
7	42	271.157	0.179548
7	43	271.075	0.176618
7	44	271.313	0.168525
7	45	271.153	0.184734
7	46	271.219	0.177075
7	47	271.359	0.165625
8	0	270.885	0.167483
8	1	270.805	0.175265
8	2	270.83	0.180918
8	3	270.714	0.180937
8	4	270.69	0.182619
8	5	270.783	0.18646
8	6	270.788	0.179144
8	7	270.722	0.179953
8	8	270.768	0.189699
8	9	270.545	0.169217
8	10	270.626	0.177732
8	11	270.615	0.180364
8	12	270.649	0.178754
8	13	270.632	0.18408
8	14	270.859	0.196478
8	15	270.727	0.191317
8	16	270.941	0.189211
8	17	270.852	0.198168
8	18	270.845	0.209117
8	19	268.985	0.487033
8	20	270.963	0.177159
8	21	270.638	0.181128
8	22	270.967	0.194547
8	23	271.02	0.192781
8	24	271.111	0.178337
8	25	271.08	0.179334
8	26	270.86	0.180139
8	27	270.817	0.170206
8	28	270.884	0.18481
8	29	270.787	0.175765
8	30	271.019	0.192063
8	31	270.902	0.177757
8	32	270.896	0.192725
8	33	-1	-1
8	34	270.704	0.183585
8	35	270.707	0.183737
8	36	270.601	0.184677
8	37	270.646	0.178387
8	38	270.657	0.185238
8	39	270.765	0.176943
8	40	-1	-1
8	41	-1	-1
8	42	-1	-1
8	43	-1	-1
8	44	-1	-1
8	45	-1	-1
8	46	-1	-1
8	47	-1	-1
9	0	270.448	0.194898
9	1	270.269	0.165601
9	2	270.058	0.175103
9	3	270.085	0.162469
9	4	270.14	0.163671
9	5	270.018	0.186068
9	6	270.322	0.191265
9	7	270.192	0.173439
9	8	270.049	0.173351
9	9	270.085	0.180438
9	10	270.032	0.165462
9	11	269.786	0.17176
9	12	269.989	0.1757
9	13	269.889	0.172544
9	14	270.048	0.189748
9	15	269.999	0.177843
9	16	270.124	0.180819
9	17	270.08	0.183501
9	18	270.096	0.188155
9	19	270.094	0.178661
9	20	270.186	0.185374
9	21	270.048	0.199401
9	22	270.223	0.191385
9	23	270.198	0.180566
9	24	270.858	0.190605
9	25	270.69	0.187177
9	26	270.526	0.191359
9	27	270.554	0.178041
9	28	270.622	0.197777
9	29	270.481	0.180557
9	30	270.678	0.182076
9	31	270.672	0.191742
9	32	270.619	0.184352
9	33	270.47	0.184087
9	34	270.45	0.18073
9	35	270.298	0.180817
9	36	-1	-1
9	37	270.257	0.181074
9	38	270.41	0.174101
9	39	270.487	0.182831
9	40	270.541	0.174103
9	41	270.511	0.187505
9	42	270.625	0.169545
9	43	270.543	0.164945
9	44	270.571	0.181782
9	45	270.497	0.188763
9	46	270.618	0.186284
9	47	270.617	0.165294
10	0	275.171	0.2037
10	1	275.149	0.191668
10	2	274.918	0.179295
10	3	274.954	0.19104
10	4	274.997	0.193847
10	5	274.873	0.188521
10	6	275.038	0.186277
10	7	275.033	0.178864
10	8	275.152	0.182419
10	9	275.005	0.172314
10	10	274.957	0.180869
10	11	274.899	0.196207
10	12	274.854	0.174196
10	13	274.968	0.164196
10	14	274.96	0.200349
10	15	274.958	0.18629
10	16	275.191	0.187195
10	17	275.143	0.174415
10	18	275.074	0.185672
10	19	275.1	0.184642
10	20	275.281	0.188861
10	21	-1	-1
10	22	275.217	0.193016
10	23	275.223	0.185234
10	24	276.733	0.0179798
10	25	275.306	0.180862
10	26	275.168	0.171834
10	27	275.042	0.203502
10	28	275.093	0.197486
10	29	275.196	0.197949
10	30	275.082	0.19507
10	31	275.135	0.19847
10	32	275.226	0.192284
10	33	274.968	0.189277
10	34	274.913	0.196422
10	35	275.026	0.194037
10	36	274.983	0.177573
10	37	274.851	0.186018
10	38	274.993	0.187026
10	39	275.103	0.191377
10	40	275.046	0.17296
10	41	276.29	0.0790315
10	42	275.251	0.188736
10	43	274.995	0.175351
10	44	275.062	0.17491
10	45	275.262	0.183973
10	46	275.169	0.183284
10	47	275.34	0.2129
11	0	276.041	0.216477
11	1	275.988	0.194927
11	2	275.77	0.195118
11	3	275.631	0.182299
11	4	275.771	0.193274
11	5	275.726	0.182149
11	6	275.765	0.195834
11	7	275.633	0.181281
11	8	275.617	0.190854
11	9	275.619	0.193671
11	10	275.53	0.189554
11	11	275.538	0.168484
11	12	275.564	0.16196
11	13	275.423	0.188023
11	14	275.558	0.197854
11	15	275.536	0.179177
11	16	275.581	0.187595
11	17	275.581	0.19954
11	18	275.737	0.176284
11	19	275.502	0.171821
11	20	275.733	0.188836
11	21	275.706	0.198079
11	22	275.667	0.188531
11	23	275.857	0.185991
11	24	275.542	0.182456
11	25	275.513	0.183282
11	26	275.304	0.18122
11	27	275.341	0.197406
11	28	275.297	0.185158
11	29	275.211	0.188889
11	30	275.463	0.173652
11	31	275.456	0.182759
11	32	275.558	0.176849
11	33	275.396	0.173373
11	34	275.308	0.166434
11	35	275.328	0.185092
11	36	275.195	0.170661
11	37	275.258	0.171543
11	38	275.271	0.171139
11	39	275.438	0.200926
11	40	275.439	0.182242
11	41	275.355	0.18029
11	42	275.292	0.168915
11	43	275.326	0.157846
11	44	275.464	0.170852
11	45	275.349	0.166008
11	46	275.416	0.165039
11	47	275.591	0.184944
12	0	272.002	0.198665
12	1	272.09	0.197584
12	2	271.759	0.187234
12	3	271.7	0.194187
12	4	271.732	0.179931
12	5	271.639	0.183423
12	6	271.818	0.172336
12	7	271.741	0.189391
12	8	271.776	0.188879
12	9	270.501	0.18834
12	10	271.522	0.168154
12	11	271.546	0.179177
12	12	271.562	0.187151
12	13	271.58	0.188413
12	14	271.504	0.16792
12	15	271.679	0.16561
12	16	271.784	0.194218
12	17	271.653	0.184736
12	18	271.792	0.185617
12	19	271.66	0.189086
12	20	271.791	0.200561
12	21	271.667	0.193431
12	22	271.768	0.192465
12	23	271.828	0.181332
12	24	271.5	0.1846
12	25	271.578	0.186745
12	26	271.312	0.185685
12	27	271.194	0.185221
12	28	271.328	0.192095
12	29	271.283	0.191359
12	30	271.377	0.183095
12	31	271.256	0.177881
12	32	272.384	0.0297389
12	33	271.213	0.180552
12	34	271.133	0.187091
12	35	271.116	0.172248
12	36	271.196	0.181687
12	37	271.106	0.171968
12	38	271.138	0.172719
12	39	271.154	0.17032
12	40	-1	-1
12	41	271.275	0.159038
12	42	271.375	0.178706
12	43	271.267	0.160393
12	44	271.424	0.173455
12	45	271.383	0.165874
12	46	271.455	0.177163
12	47	271.703	0.197034
13	0	271.924	0.174068
13	1	271.893	0.193082
13	2	271.747	0.18467
13	3	271.683	0.189028
13	4	271.69	0.188026
13	5	271.675	0.19381
13	6	271.814	0.187347
13	7	271.772	0.207587
13	8	271.927	0.179293
13	9	271.769	0.183216
13	10	271.705	0.186764
13	11	271.695	0.181693
13	12	271.683	0.188512
13	13	271.818	0.194704
13	14	271.922	0.186845
13	15	271.823	0.193069
13	16	272.04	0.180903
13	17	271.964	0.174793
13	18	271.9	0.18474
13	19	271.954	0.179813
13	20	272.182	0.194958
13	21	271.915	0.188137
13	22	272.085	0.183838
13	23	272.211	0.189353
13	24	272.224	0.183021
13	25	272.159	0.177199
13	26	271.917	0.177484
13	27	271.93	0.173556
13	28	272.038	0.157327
13	29	271.851	0.18126
13	30	272.14	0.181206
13	31	272.069	0.174686
13	32	272.006	0.168326
13	33	271.975	0.174371
13	34	273.54	0.0575999
13	35	271.828	0.186563
13	36	271.764	0.170193
13	37	271.8	0.178611
13	38	271.922	0.174932
13	39	271.832	0.186651
13	40	272.112	0.192106
13	41	272.037	0.178429
13	42	272.006	0.192625
13	43	272.039	0.182321
13	44	272.124	0.170727
13	45	271.936	0.179943
13	46	272.148	0.189732
13	47	272.249	0.172403
14	0	272.612	0.203064
14	1	272.548	0.191582
14	2	272.429	0.195306
14	3	272.267	0.171583
14	4	272.323	0.189483
14	5	272.366	0.158036
14	6	272.499	0.194281
14	7	272.335	0.176214
14	8	272.559	0.17956
14	9	272.274	0.18029
14	10	272.104	0.180005
14	11	272.327	0.180443
14	12	272.309	0.18616
14	13	272.19	0.194548
14	14	272.266	0.189245
14	15	272.393	0.196884
14	16	272.412	0.175744
14	17	272.36	0.18517
14	18	272.498	0.177579
14	19	272.314	0.196859
14	20	272.459	0.176009
14	21	272.468	0.193184
14	22	272.419	0.19179
14	23	272.621	0.196713
14	24	272.36	0.190819
14	25	272.415	0.192978
14	26	272.122	0.186804
14	27	272.094	0.186672
14	28	272.212	0.18404
14	29	272.065	0.186414
14	30	272.242	0.172709
14	31	272.214	0.187264
14	32	272.282	0.171779
14	33	272.158	0.173066
14	34	272.182	0.185923
14	35	272.124	0.180146
14	36	272.085	0.165796
14	37	272.134	0.174076
14	38	272.066	0.177401
14	39	272.092	0.173604
14	40	272.329	0.191978
14	41	272.25	0.19293
14	42	272.274	0.177454
14	43	272.156	0.175158
14	44	272.297	0.184662
14	45	272.246	0.184183
14	46	272.306	0.195396
14	47	272.532	0.198504
15	0	-1	-1
15	1	-1	-1
15	2	-1	-1
15	3	-1	-1
15	4	-1	-1
15	5	-1	-1
15	6	-1	-1
15	7	-1	-1
15	8	-1	-1
15	9	-1	-1
15	10	-1	-1
15	11	-1	-1
15	12	-1	-1
15	13	-1	-1
15	14	-1	-1
15	15	-1	-1
15	16	-1	-1
15	17	-1	-1
15	18	-1	-1
15	19	-1	-1
15	20	-1	-1
15	21	-1	-1
15	22	-1	-1
15	23	-1	-1
15	24	-1	-1
15	25	-1	-1
15	26	-1	-1
15	27	-1	-1
15	28	-1	-1
15	29	-1	-1
15	30	-1	-1
15	31	-1	-1
15	32	-1	-1
15	33	-1	-1
15	34	-1	-1
15	35	-1	-1
15	36	-1	-1
15	37	-1	-1
15	38	-1	-1
15	39	-1	-1
15	40	-1	-1
15	41	-1	-1
15	42	-1	-1
15	43	-1	-1
15	44	-1	-1
15	45	-1	-1
15	46	-1	-1
15	47	-1	-1
16	0	276.822	0.410963
16	1	276.401	0.160561
16	2	276.293	0.15251
16	3	276.401	0.149728
16	4	276.298	0.153496
16	5	276.405	0.154194
16	6	276.305	0.146038
16	7	-1	-1
16	8	276.308	0.172003
16	9	-1	-1
16	10	276.094	0.153647
16	11	276.147	0.159708
16	12	276.254	0.158708
16	13	276.279	0.162097
16	14	276.295	0.15259
16	15	276.438	0.17778
16	16	276.315	0.147409
16	17	276.512	0.164901
16	18	276.135	0.16298
16	19	276.343	0.148517
16	20	276.145	0.168042
16	21	276.123	0.1621
16	22	276.562	0.260956
16	23	276.391	0.166563
16	24	276.124	0.159467
16	25	276.039	0.157525
16	26	275.933	0.165614
16	27	276.12	0.148652
16	28	275.974	0.146519
16	29	275.951	0.147622
16	30	277.483	0.000656448
16	31	276.139	0.160401
16	32	276.067	0.165551
16	33	275.845	0.157693
16	34	275.826	0.153884
16	35	275.835	0.178124
16	36	275.901	0.167639
16	37	275.845	0.157687
16	38	275.981	0.184818
16	39	276.112	0.168168
16	40	275.944	0.176942
16	41	276.074	0.16239
16	42	275.825	0.180107
16	43	275.84	0.186982
16	44	275.779	0.17984
16	45	275.835	0.193914
16	46	276.052	0.17249
16	47	276.206	0.224894
17	0	271.799	0.198402
17	1	271.549	0.167818
17	2	271.438	0.183263
17	3	271.549	0.157934
17	4	271.4	0.13914
17	5	271.575	0.15827
17	6	271.51	0.151973
17	7	271.619	0.166167
17	8	271.488	0.174223
17	9	271.426	0.172675
17	10	271.348	0.156127
17	11	271.256	0.159681
17	12	271.292	0.164679
17	13	271.168	0.146561
17	14	271.21	0.15791
17	15	271.542	0.16317
17	16	271.138	0.162863
17	17	271.198	0.154949
17	18	271.224	0.155323
17	19	271.188	0.176239
17	20	271.081	0.157582
17	21	271.128	0.160188
17	22	271.324	0.153382
17	23	271.281	0.16104
17	24	271.551	0.155409
17	25	271.42	0.168461
17	26	271.479	0.167411
17	27	271.417	0.16673
17	28	271.354	0.170944
17	29	271.462	0.163683
17	30	271.302	0.162398
17	31	271.486	0.167277
17	32	271.432	0.167543
17	33	272.025	0.247557
17	34	271.225	0.155093
17	35	271.361	0.15897
17	36	271.347	0.15811
17	37	271.511	0.181848
17	38	271.582	0.153923
17	39	271.565	0.164395
17	40	269.521	0.0969831
17	41	271.665	0.175368
17	42	271.386	0.162395
17	43	271.566	0.17065
17	44	271.493	0.187742
17	45	271.457	0.181303
17	46	271.716	0.152941
17	47	271.746	0.192099
18	0	-1	-1
18	1	-1	-1
18	2	-1	-1
18	3	-1	-1
18	4	-1	-1
18	5	-1	-1
18	6	-1	-1
18	7	-1	-1
18	8	-1	-1
18	9	-1	-1
18	10	-1	-1
18	11	-1	-1
18	12	-1	-1
18	13	-1	-1
18	14	-1	-1
18	15	-1	-1
18	16	-1	-1
18	17	-1	-1
18	18	-1	-1
18	19	-1	-1
18	20	-1	-1
18	21	-1	-1
18	22	-1	-1
18	23	-1	-1
18	24	-1	-1
18	25	-1	-1
18	26	-1	-1
18	27	-1	-1
18	28	-1	-1
18	29	-1	-1
18	30	-1	-1
18	31	-1	-1
18	32	-1	-1
18	33	-1	-1
18	34	-1	-1
18	35	-1	-1
18	36	-1	-1
18	37	-1	-1
18	38	-1	-1
18	39	-1	-1
18	40	-1	-1
18	41	-1	-1
18	42	-1	-1
18	43	-1	-1
18	44	-1	-1
18	45	-1	-1
18	46	-1	-1
18	47	-1	-1
19	0	271.561	0.220116
19	1	271.23	0.154225
19	2	271.208	0.162677
19	3	271.415	0.167562
19	4	271.212	0.175021
19	5	271.282	0.172867
19	6	271.184	0.152137
19	7	271.306	0.157008
19	8	270.982	0.138435
19	9	270.995	0.154859
19	10	271.02	0.164978
19	11	270.952	0.152312
19	12	270.981	0.158715
19	13	271.066	0.16369
19	14	271.129	0.160563
19	15	271.189	0.164608
19	16	271.158	0.146214
19	17	271.386	0.15851
19	18	271.001	0.147439
19	19	271.18	0.158929
19	20	271.043	0.163563
19	21	271.083	0.170652
19	22	271.348	0.163417
19	23	271.36	0.167915
19	24	270.993	0.148855
19	25	270.831	0.158956
19	26	270.8	0.149421
19	27	270.883	0.147257
19	28	270.725	0.175042
19	29	270.83	0.161966
19	30	270.791	0.164911
19	31	270.902	0.158921
19	32	270.703	0.163584
19	33	270.583	0.161464
19	34	270.553	0.160339
19	35	270.558	0.165521
19	36	270.532	0.166977
19	37	270.562	0.180094
19	38	270.669	0.172425
19	39	270.866	0.211317
19	40	270.625	0.156568
19	41	270.826	0.169182
19	42	270.584	0.161639
19	43	270.687	0.172378
19	44	270.599	0.168909
19	45	270.724	0.19854
19	46	270.919	0.1811
19	47	270.904	0.160776
